Photodiode Viewing Angle (Degrees) - Plot 0	Lock-in Signal Amplitude (V) - Plot 0
-33.9987	9.96E-05
-33.7487	0.000102073
-33.4987	9.70E-05
-33.2487	0.000100397
-32.9987	0.000102871
-32.7487	0.000101626
-32.4987	0.000100404
-32.2487	0.000101611
-31.9987	9.90E-05
-31.7487	9.67E-05
-31.4987	9.74E-05
-31.2487	9.76E-05
-30.9987	9.97E-05
-30.7487	9.91E-05
-30.4987	9.36E-05
-30.2487	9.14E-05
-29.9987	9.19E-05
-29.7487	9.04E-05
-29.4987	9.45E-05
-29.2487	8.97E-05
-28.9987	8.82E-05
-28.7487	8.69E-05
-28.4987	9.09E-05
-28.2487	8.67E-05
-27.9987	8.70E-05
-27.7487	8.56E-05
-27.4987	8.52E-05
-27.2487	8.92E-05
-26.9987	8.44E-05
-26.7487	8.64E-05
-26.4987	8.60E-05
-26.2487	8.43E-05
-25.9987	8.44E-05
-25.7487	8.52E-05
-25.4987	8.68E-05
-25.2487	8.34E-05
-24.9988	8.36E-05
-24.7487	8.42E-05
-24.4988	8.26E-05
-24.2488	8.40E-05
-23.9988	8.28E-05
-23.7488	8.60E-05
-23.4988	8.07E-05
-23.2503	8.59E-05
-23.0002	7.87E-05
-22.7488	8.68E-05
-22.4988	8.32E-05
-22.2488	8.32E-05
-21.9988	8.41E-05
-21.7488	8.29E-05
-21.4988	8.11E-05
-21.2488	8.03E-05
-20.9988	8.21E-05
-20.7488	8.25E-05
-20.4988	8.17E-05
-20.2488	8.25E-05
-19.9988	8.30E-05
-19.7488	8.06E-05
-19.4988	8.16E-05
-19.2488	8.18E-05
-18.9988	8.15E-05
-18.7488	8.20E-05
-18.4988	8.19E-05
-18.2488	8.30E-05
-17.9988	8.44E-05
-17.7488	8.15E-05
-17.4988	7.97E-05
-17.2488	8.07E-05
-16.9988	8.19E-05
-16.7488	8.11E-05
-16.4988	8.18E-05
-16.2488	8.37E-05
-15.9988	8.38E-05
-15.7488	7.91E-05
-15.4988	8.04E-05
-15.2488	8.04E-05
-14.9988	8.20E-05
-14.7488	7.96E-05
-14.4988	7.71E-05
-14.2488	8.26E-05
-13.9988	8.09E-05
-13.7488	7.88E-05
-13.4988	8.27E-05
-13.2488	8.14E-05
-12.9988	8.10E-05
-12.7489	8.19E-05
-12.4989	8.17E-05
-12.2489	8.52E-05
-11.9989	8.35E-05
-11.7489	8.54E-05
-11.4989	8.13E-05
-11.2489	8.13E-05
-10.9989	8.22E-05
-10.7489	8.41E-05
-10.4989	8.17E-05
-10.2489	8.44E-05
-9.99887	8.18E-05
-9.7495	8.21E-05
-9.49887	8.17E-05
-9.24889	8.24E-05
-8.99887	8.27E-05
-8.74889	8.16E-05
-8.49889	8.52E-05
-8.24889	8.39E-05
-7.99889	8.36E-05
-7.74889	8.68E-05
-7.49889	8.65E-05
-7.24889	8.52E-05
-6.9989	8.42E-05
-6.74889	8.38E-05
-6.4989	8.24E-05
-6.2489	8.42E-05
-5.9989	8.39E-05
-5.7489	8.40E-05
-5.4989	8.76E-05
-5.24892	8.41E-05
-4.9989	8.49E-05
-4.74892	8.59E-05
-4.49892	8.66E-05
-4.24892	8.40E-05
-3.99892	8.61E-05
-3.74892	8.77E-05
-3.49893	8.66E-05
-3.24892	8.56E-05
-2.99893	8.66E-05
-2.74892	8.87E-05
-2.49893	8.43E-05
-2.24893	8.90E-05
-1.99893	8.61E-05
-1.74893	8.36E-05
-1.49893	8.51E-05
-1.24895	8.62E-05
-0.998932	8.57E-05
-0.748947	8.54E-05
-0.498947	8.61E-05
-0.248947	8.81E-05
0.00105286	8.58E-05
0.251053	8.44E-05
0.501038	8.60E-05
0.751053	8.51E-05
1.00104	8.56E-05
1.25104	8.74E-05
1.50104	8.44E-05
1.75104	8.28E-05
2.00104	8.16E-05
2.25102	8.47E-05
2.50104	8.35E-05
2.75102	8.47E-05
3.00104	8.59E-05
3.25102	8.35E-05
3.50099	8.34E-05
3.75098	8.03E-05
4.00098	8.32E-05
4.25096	8.38E-05
4.50072	8.34E-05
4.75089	8.77E-05
5.00101	8.43E-05
5.25101	8.39E-05
5.50101	8.20E-05
5.75101	8.38E-05
6.00101	8.34E-05
6.25099	8.07E-05
6.50101	8.34E-05
6.75099	8.46E-05
7.001	8.01E-05
7.25099	8.12E-05
7.50064	8.41E-05
7.75047	7.91E-05
8.0006	7.83E-05
8.25098	8.10E-05
8.50098	7.97E-05
8.75098	8.19E-05
9.00098	8.23E-05
9.25098	8.30E-05
9.50098	8.27E-05
9.75098	8.01E-05
10.001	8.29E-05
10.251	8.14E-05
10.501	8.32E-05
10.751	8.12E-05
11.001	8.21E-05
11.251	8.02E-05
11.501	8.10E-05
11.751	8.11E-05
12.001	8.13E-05
12.251	8.01E-05
12.5009	8.13E-05
12.751	8.17E-05
13.0009	8.12E-05
13.2502	7.96E-05
13.5009	8.19E-05
13.7492	7.91E-05
13.9999	8.05E-05
14.2509	8.10E-05
14.5009	8.31E-05
14.7509	8.20E-05
15.0009	8.39E-05
15.2509	8.36E-05
15.5009	8.29E-05
15.7509	8.29E-05
16.0009	8.13E-05
16.2509	8.19E-05
16.5009	7.94E-05
16.7502	8.23E-05
16.9998	7.98E-05
17.2502	7.81E-05
17.4995	8.14E-05
17.7494	7.90E-05
18.0009	8.18E-05
18.2509	8.09E-05
18.5009	7.88E-05
18.7509	8.05E-05
19.0009	8.22E-05
19.2509	8.28E-05
19.5009	8.16E-05
19.7509	8.20E-05
20.0009	8.42E-05
20.2509	8.38E-05
20.5009	8.27E-05
20.7509	7.86E-05
21.0009	8.12E-05
21.2509	7.69E-05
21.5009	7.96E-05
21.7509	7.74E-05
22.0009	7.96E-05
22.2509	7.98E-05
22.5009	8.04E-05
22.7509	8.35E-05
23.0009	8.05E-05
23.2509	8.14E-05
23.5009	7.98E-05
23.7509	7.93E-05
24.0009	7.96E-05
24.2509	7.92E-05
24.5009	8.60E-05
24.7509	7.91E-05
25.0009	8.10E-05
25.2509	8.41E-05
25.5008	8.23E-05
25.7509	8.08E-05
26.0008	8.41E-05
26.2508	8.49E-05
26.5008	8.22E-05
26.7508	8.45E-05
27.0008	8.55E-05
27.2508	8.10E-05
27.5008	8.45E-05
27.7508	8.42E-05
28.0008	8.80E-05
28.2508	8.54E-05
28.5008	8.52E-05
28.7508	8.58E-05
29.0008	8.45E-05
29.2508	8.56E-05
29.5008	8.95E-05
29.7508	8.96E-05
30.0008	9.01E-05
30.2508	9.15E-05
30.5008	9.06E-05
30.7508	9.08E-05
31.0008	8.93E-05
31.2508	9.13E-05
31.5008	9.09E-05
31.7508	9.15E-05
32.0008	9.16E-05
32.2508	9.40E-05
32.5008	9.26E-05
32.7508	9.38E-05
33.0008	9.54E-05
33.2508	9.92E-05
33.5008	9.76E-05
33.7508	9.97E-05
34.0008	9.94E-05
34.2508	9.73E-05
34.5008	9.65E-05
34.7508	9.99E-05
35.0008	9.85E-05
35.2508	0.000101395
35.5008	0.000105896
35.7508	0.000103713
36.0008	0.000104659
36.2508	0.000103236
36.5008	0.000107132
36.7498	0.000111618
36.9992	0.000109442
37.2508	0.000109703
37.5008	0.000113182
37.7508	0.00011468
38.0008	0.000112989
38.2508	0.000114404
38.5007	0.000111789
38.7508	0.000116021
39.0007	0.000118696
39.2507	0.000120476
39.5007	0.000127465
39.7507	0.000126966
40.0007	0.000127294
40.2507	0.000128672
40.5007	0.00013055
40.7507	0.000131086
41.0007	0.000131399
41.2507	0.000134901
41.5007	0.000135669
41.7507	0.000139088
42.0007	0.000136227
42.2507	0.000136704
42.5007	0.000138075
42.7507	0.000139021
43.0007	0.000140884
43.2507	0.000139461
43.5007	0.00013809
43.7507	0.000140839
44.0007	0.000142382
44.2507	0.000144222
44.5007	0.000146099
44.7507	0.000148938
45.0007	0.000148834
45.2507	0.000150883
45.5007	0.000155301
45.7507	0.000152984
46.0007	0.000152164
46.2507	0.000153662
46.5007	0.000154481
46.7507	0.000158967
46.999	0.000158967
47.2507	0.000156515
47.5007	0.00015814
47.7507	0.000157305
48.0007	0.000159384
48.2507	0.000159168
48.5007	0.00015387
48.7507	0.000149296
49.0007	0.0001482
49.2505	0.000146673
49.5007	0.000139923
49.7507	0.000141629
50.0007	0.000150637
50.2507	0.000147642
50.5007	0.00014683
50.7507	0.000146561
51.0006	0.000141808
51.2506	0.000135013
51.5006	0.000138135
51.7506	0.000133106
52.0006	0.000129134
52.2506	0.000129455
52.5006	0.000125953
52.7506	0.000126549
53.0006	0.000126653
53.2506	0.000131146
53.5006	0.000125357
53.7506	0.00012567
54.0006	0.000120603
54.2506	0.000124485
54.5006	0.000121564
54.7506	0.000118971
55.0006	0.000117548
55.2506	0.000115887
55.5006	0.000115552
55.7506	0.000117898
56.0006	0.000112795
56.2506	0.000110135
56.5006	0.000111707
56.7506	0.000107125
57.0006	0.000108362
57.2506	0.000104242
57.5006	0.000104428
57.7506	9.59E-05
58.0006	9.55E-05
58.2506	9.10E-05
58.5006	9.18E-05
58.7506	8.87E-05
59.0006	8.88E-05
59.2506	8.78E-05
59.5006	8.71E-05
59.7506	8.48E-05
60.0006	8.53E-05
60.2506	8.28E-05
60.5006	8.22E-05
60.7506	8.17E-05
61.0006	7.63E-05
61.2506	7.57E-05
61.5006	7.77E-05
61.7506	7.59E-05
62.0006	7.35E-05
62.2506	7.16E-05
62.5006	6.98E-05
62.7506	6.99E-05
63.0006	7.22E-05
63.2506	7.25E-05
63.5006	6.64E-05
63.7506	6.63E-05
64.0005	6.17E-05
64.2505	6.32E-05
64.5005	6.51E-05
64.7505	6.04E-05
65.0005	6.12E-05
65.2505	6.19E-05
65.5005	5.69E-05
65.7505	5.40E-05
66.0005	5.28E-05
66.2505	5.21E-05
66.5005	5.05E-05
66.7505	4.75E-05
67.0005	4.58E-05
67.2505	4.46E-05
67.5005	4.63E-05
67.7505	4.79E-05
68.0005	4.69E-05
68.2505	4.45E-05
68.5005	4.49E-05
68.7505	4.22E-05
69.0005	4.54E-05
69.2505	3.91E-05
69.5005	3.94E-05
69.7505	3.73E-05
70.0005	3.57E-05
70.2505	3.72E-05
70.5005	3.82E-05
70.7505	3.54E-05
71.0005	3.43E-05
71.2505	3.45E-05
71.5005	3.40E-05
71.7505	3.39E-05
72.0005	3.27E-05
72.2505	3.30E-05
72.5005	2.88E-05
72.7505	3.06E-05
73.0005	2.71E-05
73.2505	3.12E-05
73.5005	2.97E-05
73.7505	2.64E-05
74.0005	2.84E-05
74.2505	2.74E-05
74.5005	2.61E-05
74.7505	2.60E-05
75.0005	2.29E-05
75.2505	2.49E-05
75.5005	2.45E-05
75.7505	2.22E-05
76.0005	2.09E-05
76.2505	2.16E-05
76.5005	2.14E-05
76.7505	2.12E-05
77.0005	2.00E-05
77.2504	1.94E-05
77.5005	2.07E-05
77.7504	1.93E-05
78.0004	1.81E-05
78.2504	1.93E-05
78.5004	1.99E-05
78.7504	1.89E-05
79.0004	1.75E-05
79.2504	1.78E-05
79.5004	1.76E-05
79.7504	2.08E-05
80.0004	1.71E-05
80.2504	1.88E-05
80.5004	1.65E-05
80.7504	1.90E-05
81.0004	1.96E-05
81.2504	1.86E-05
81.5004	1.71E-05
81.7504	1.87E-05
82.0004	1.60E-05
82.2504	1.51E-05
82.5004	1.74E-05
82.7504	1.54E-05
83.0004	1.72E-05
83.2494	1.42E-05
83.5004	1.58E-05
83.7493	1.70E-05
84.0004	1.52E-05
84.2504	1.48E-05
84.5004	1.58E-05
84.7504	1.87E-05
85.0004	2.12E-05
85.2504	1.95E-05
85.5004	1.93E-05
85.7504	2.30E-05
86.0004	2.06E-05
86.2504	1.93E-05
86.5004	2.08E-05
86.7499	1.89E-05
87.0003	2.07E-05
87.2504	1.78E-05
87.5004	1.68E-05
87.7504	1.86E-05
88.0004	1.71E-05
88.2504	1.82E-05
88.5004	1.93E-05
88.7504	1.62E-05
89.0004	1.75E-05
89.2504	1.67E-05
89.5004	1.60E-05
89.7504	1.41E-05
90.0004	1.64E-05
90.2503	1.44E-05
90.5003	1.48E-05
90.7503	1.57E-05
91.0003	1.29E-05
91.2503	1.36E-05
91.5003	1.35E-05
91.7503	1.32E-05
92.0003	1.60E-05
92.2503	1.46E-05
92.5003	1.14E-05
92.7503	1.31E-05
93.0003	1.23E-05
93.2503	1.10E-05
93.5003	1.60E-05
93.7503	1.42E-05
94.0003	1.52E-05
94.2503	1.07E-05
94.5003	9.25E-06
94.7503	1.24E-05
95.0003	1.19E-05
95.2502	1.52E-05
95.5003	1.06E-05
95.7503	1.10E-05
96.0003	1.34E-05
96.2503	1.28E-05
96.5003	1.01E-05
96.7503	1.33E-05
97.0003	1.08E-05
97.2503	1.15E-05
97.5003	9.75E-06
97.7503	9.55E-06
98.0003	1.37E-05
98.2503	1.19E-05
98.5003	1.11E-05
98.7503	8.10E-06
99.0003	1.41E-05
99.2503	1.36E-05
99.5003	1.34E-05
99.7503	1.11E-05
100	9.86E-06
100.25	1.17E-05
100.5	1.20E-05
100.75	1.03E-05
101	1.18E-05
101.25	9.31E-06
101.5	8.17E-06
101.75	1.22E-05
102	1.37E-05
102.25	1.33E-05
102.5	1.27E-05
102.75	1.40E-05
103	9.18E-06
103.25	1.29E-05
103.5	1.10E-05
103.75	1.53E-05
104	1.06E-05
104.25	1.12E-05
104.5	1.14E-05
104.75	1.22E-05
105	1.16E-05
105.25	1.03E-05
105.5	1.31E-05
105.75	1.25E-05
106	1.06E-05
106.25	1.00E-05
106.5	7.76E-06
106.75	1.07E-05
107	1.10E-05
107.25	1.22E-05
107.5	9.87E-06
107.75	9.52E-06
108	1.08E-05
108.25	7.28E-06
108.5	9.66E-06
108.75	8.77E-06
109	9.17E-06
109.25	1.06E-05
109.5	1.01E-05
109.75	8.92E-06
110	8.93E-06
110.249	8.40E-06
110.5	8.96E-06
110.75	8.90E-06
111	1.21E-05
111.25	9.31E-06
111.5	9.84E-06
111.75	9.57E-06
112	8.64E-06
112.25	9.83E-06
112.5	8.50E-06
112.75	1.27E-05
113	9.88E-06
113.25	6.36E-06
113.5	5.63E-06
113.75	1.18E-05
114	1.11E-05
114.25	9.80E-06
114.5	1.15E-05
114.75	8.66E-06
115	8.88E-06
115.25	9.81E-06
115.5	9.56E-06
115.75	1.03E-05
116	1.12E-05
116.25	8.76E-06
116.5	1.03E-05
116.75	8.58E-06
117	8.84E-06
117.25	7.88E-06
117.5	9.79E-06
117.75	1.12E-05
118	6.65E-06
118.25	1.15E-05
118.5	8.80E-06
118.75	9.80E-06
119	1.18E-05
119.25	1.08E-05
119.5	1.26E-05
119.75	1.08E-05
120	1.14E-05
120.25	1.18E-05
120.5	9.31E-06
120.75	1.14E-05
121	9.88E-06
121.25	1.01E-05
121.5	1.12E-05
121.75	1.14E-05
122	1.17E-05
122.25	1.42E-05
122.5	1.49E-05
122.75	1.59E-05
123	1.50E-05
123.25	2.16E-05
123.5	2.67E-05
123.75	3.76E-05
124	4.28E-05
124.25	4.17E-05
124.5	3.56E-05
124.75	2.53E-05
125	1.32E-05
125.25	9.69E-06
125.5	1.48E-05
125.75	1.40E-05
126	1.21E-05
126.25	1.42E-05
126.5	1.61E-05
126.75	1.50E-05
127	1.60E-05
127.25	1.44E-05
127.5	1.52E-05
127.75	1.62E-05
128	1.41E-05
128.25	1.83E-05
128.5	1.66E-05
128.75	1.53E-05
129	1.48E-05
129.25	1.76E-05
129.5	1.43E-05
129.75	1.69E-05
129.999	1.35E-05
130.249	1.50E-05
130.5	1.64E-05
130.75	1.48E-05
131	1.54E-05
131.25	1.60E-05
131.5	1.67E-05
131.75	1.69E-05
132	1.61E-05
132.25	1.69E-05
132.5	1.73E-05
132.75	1.70E-05
133	1.92E-05
133.25	1.73E-05
133.5	1.47E-05
133.75	1.67E-05
134	2.16E-05
134.25	1.75E-05
134.5	1.94E-05
134.75	2.00E-05
135	1.73E-05
135	1.73E-05
-33.9987	0.00043595
-33.7487	0.000433357
-33.4987	0.000432761
-33.2487	0.000436636
-32.9987	0.000446083
-32.7487	0.000441821
-32.4987	0.000443162
-32.2487	0.000438454
-31.9987	0.000435593
-31.7487	0.000424983
-31.4987	0.000423582
-31.2487	0.000415357
-30.9987	0.000415357
-30.7487	0.000411632
-30.4987	0.000409069
-30.2487	0.000408443
-30.0002	0.000405701
-29.7487	0.000406625
-29.4987	0.000405284
-29.2487	0.00039974
-28.9987	0.000395359
-28.7487	0.000394167
-28.4987	0.000393422
-28.2487	0.000396075
-27.9987	0.000392349
-27.7487	0.000389935
-27.4987	0.000394108
-27.2487	0.000389339
-26.9987	0.000390353
-26.7487	0.000393184
-26.4987	0.000391992
-26.2487	0.000393571
-25.9987	0.000388803
-25.7487	0.000386002
-25.4987	0.000385167
-25.2496	0.00038469
-24.9988	0.00038779
-24.7487	0.000383141
-24.4988	0.000386359
-24.2488	0.000385316
-23.9988	0.000384541
-23.7488	0.000386002
-23.4988	0.000383707
-23.2488	0.000387015
-22.9988	0.000388624
-22.7488	0.000386776
-22.4988	0.0003832
-22.2488	0.000388535
-21.9988	0.000387045
-21.7488	0.000391068
-21.4988	0.00039223
-21.2488	0.000393482
-20.9988	0.000389608
-20.7488	0.000394048
-20.4988	0.000388535
-20.2488	0.000389727
-19.9988	0.000388058
-19.7488	0.000391306
-19.4988	0.000390204
-19.2488	0.000389608
-18.9988	0.000389369
-18.7488	0.000388147
-18.4988	0.000392171
-18.2488	0.000390204
-17.9988	0.000391873
-17.7488	0.000395151
-17.4988	0.000391724
-17.2488	0.000389399
-16.9988	0.000388565
-16.7488	0.000394197
-16.4988	0.000393631
-16.2488	0.000389965
-15.9988	0.000389697
-15.7488	0.000385286
-15.4988	0.000387074
-15.2488	0.000390412
-14.9988	0.000391604
-14.7488	0.000389071
-14.4988	0.000387998
-14.2488	0.000393244
-13.9988	0.000393542
-13.7488	0.000396671
-13.4988	0.000396254
-13.2488	0.00039527
-12.9989	0.000394465
-12.7489	0.000396671
-12.4991	0.000393631
-12.2489	0.0003922
-11.9989	0.000392975
-11.7489	0.000392171
-11.4989	0.00039232
-11.2489	0.000391902
-10.9989	0.000393333
-10.7489	0.000394287
-10.4989	0.000394078
-10.2489	0.000393989
-9.99887	0.000396909
-9.74887	0.000400724
-9.49887	0.000402452
-9.24889	0.000401588
-8.99887	0.000407102
-8.74889	0.000406118
-8.49895	0.000403943
-8.24889	0.000399949
-7.99898	0.000400783
-7.74892	0.00039822
-7.49899	0.000399025
-7.24889	0.000398966
-6.9989	0.000399472
-6.74889	0.000397356
-6.4989	0.000398995
-6.2489	0.000400813
-5.9989	0.000404539
-5.7489	0.000404121
-5.4989	0.00040433
-5.25023	0.000400634
-4.9989	0.000403764
-4.74892	0.000400098
-4.49892	0.000399889
-4.24892	0.000400307
-3.99892	0.00039986
-3.74892	0.000403794
-3.49893	0.000400634
-3.24892	0.000404121
-2.99893	0.000406178
-2.74892	0.000404449
-2.49893	0.000408323
-2.24893	0.000405105
-1.99893	0.000403406
-1.74893	0.000398459
-1.49893	0.000402154
-1.24895	0.000400456
-0.998932	0.000400485
-0.748947	0.000403317
-0.498947	0.000404241
-0.248947	0.000403168
0.00105286	0.000402274
0.251053	0.000401886
0.501038	0.000403883
0.751053	0.00040427
1.00104	0.000403197
1.25104	0.000406684
1.50104	0.000404479
1.75104	0.000406386
2.00095	0.000402333
2.25102	0.000399025
2.50104	0.000400426
2.75102	0.000398042
3.00104	0.000394942
3.25102	0.000397535
3.50102	0.000395687
3.75102	0.000398459
4.00102	0.000399442
4.25102	0.000402482
4.50101	0.000400217
4.75102	0.000401916
5.00101	0.000403376
5.25101	0.000402274
5.50101	0.000401946
5.75101	0.000396939
6.00101	0.000397684
6.25099	0.000397535
6.50101	0.000397684
6.75099	0.000397267
7.001	0.000397624
7.25099	0.000396999
7.501	0.000398042
7.75045	0.0003998
8.00002	0.000403585
8.24995	0.000404837
8.4997	0.00040427
8.75098	0.000402125
9.00098	0.000403138
9.25098	0.000402184
9.50098	0.000398519
9.75098	0.00039831
10.001	0.000397833
10.251	0.000401439
10.501	0.000392916
10.751	0.000397922
11.001	0.000394942
11.251	0.000395598
11.501	0.000390949
11.751	0.000396522
12.001	0.000391694
12.251	0.000392022
12.5009	0.000397565
12.751	0.000396015
13.0009	0.000396254
13.25	0.000397356
13.5009	0.000391843
13.7509	0.000396313
14.0009	0.000395181
14.2509	0.000395181
14.5009	0.000392498
14.7509	0.000391366
15.0009	0.000387223
15.2509	0.000386121
15.5009	0.000388416
15.7509	0.000385465
16.0009	0.000389876
16.2509	0.000388684
16.5009	0.000385793
16.7508	0.000388207
17.0008	0.000388833
17.2503	0.000388684
17.5009	0.000390025
17.7509	0.000387849
18.0009	0.00039074
18.2509	0.000391485
18.5009	0.000390114
18.7509	0.000393959
19.0009	0.00038931
19.2509	0.000383766
19.5009	0.00038469
19.7509	0.000384809
20.0009	0.000384005
20.2509	0.000380786
20.5009	0.000381323
20.7509	0.0003787
21.0009	0.000380786
21.2509	0.000383081
21.5009	0.000380101
21.7509	0.000381591
22.0009	0.000384988
22.2509	0.000388267
22.5009	0.000385942
22.7509	0.000382574
23.0009	0.000381293
23.2509	0.000378193
23.5009	0.000373902
23.7509	0.000377538
24.0009	0.000374826
24.2509	0.0003787
24.5009	0.000378432
24.7509	0.000379803
25.0009	0.000380637
25.2509	0.000382544
25.5008	0.000382336
25.7509	0.000375779
26.0008	0.000376673
26.2508	0.00037569
26.5008	0.000378491
26.7508	0.000374826
27.0008	0.000370594
27.2508	0.000371756
27.5008	0.000370892
27.7508	0.0003711
28.0008	0.000369253
28.2508	0.00036958
28.5008	0.000370624
28.7508	0.000372889
29.0008	0.000370832
29.2508	0.000368657
29.5008	0.000369133
29.7508	0.000366153
30.0008	0.000364723
30.2508	0.000364484
30.5008	0.000364782
30.7508	0.000364305
31.0008	0.000365527
31.2508	0.000364991
31.5008	0.000364812
31.7508	0.000363948
32.0008	0.000365885
32.2508	0.000363024
32.5008	0.000366988
32.7508	0.000362875
33.0008	0.00036055
33.2508	0.000364812
33.5008	0.000359477
33.7508	0.000355901
34.0008	0.000351967
34.2508	0.000354441
34.5008	0.000352742
34.7508	0.00035608
35.0008	0.000354411
35.2508	0.000355871
35.5008	0.000355424
35.7508	0.000353904
36.0008	0.000358017
36.2508	0.000355812
36.5008	0.000352206
36.7501	0.000350656
36.9996	0.000349851
37.2502	0.000345619
37.4999	0.000348004
37.7493	0.000346007
37.9993	0.000341775
38.2508	0.000343295
38.5007	0.000341626
38.7508	0.000342758
39.0007	0.000341387
39.2507	0.000337841
39.5007	0.000344368
39.7507	0.000338288
40.0007	0.000337424
40.2507	0.000338139
40.5007	0.000339957
40.7507	0.000338824
41.0007	0.000336053
41.2507	0.000335069
41.5007	0.000332804
41.7507	0.00032741
42.0007	0.000329794
42.2507	0.000326784
42.5007	0.000326427
42.7507	0.000320496
43.0007	0.000321271
43.2507	0.000321241
43.5007	0.000322046
43.7507	0.000318499
44.0007	0.000323894
44.2507	0.000319393
44.5007	0.000317248
44.7507	0.000313433
45.0007	0.000307443
45.2507	0.000308754
45.5007	0.000309827
45.7507	0.000307621
46.0007	0.000309112
46.2507	0.000311019
46.5007	0.000310035
46.7507	0.000305446
47.0007	0.000301989
47.2507	0.000294836
47.4996	0.000294121
47.7507	0.000287862
48.0007	0.000282379
48.2507	0.000285627
48.5007	0.000284823
48.7507	0.000281276
49.0007	0.000283303
49.2507	0.000279577
49.5007	0.00027925
49.7507	0.000278326
50.0007	0.000271829
50.2507	0.000268104
50.5007	0.000266226
50.7507	0.000262918
51.0006	0.000257434
51.2506	0.000256361
51.5006	0.000252994
51.7506	0.000251176
52.0006	0.000251414
52.2506	0.00025204
52.5006	0.000250133
52.7506	0.000249179
53.0006	0.000252547
53.2506	0.000245811
53.5006	0.000245454
53.7506	0.000241251
54.0006	0.00024131
54.2506	0.00023842
54.5006	0.000235618
54.7506	0.000233383
55.0006	0.000232936
55.2506	0.000230254
55.5006	0.000235201
55.7506	0.000224204
56.0006	0.000225694
56.2506	0.000224263
56.5006	0.00022474
56.7506	0.000220151
57.0006	0.000218035
57.2506	0.000210435
57.5006	0.000207455
57.7506	0.000203819
58.0006	0.000200153
58.2506	0.000201137
58.5006	0.000202806
58.7506	0.000204147
59.0006	0.000203879
59.2506	0.000198753
59.5006	0.000196875
59.7506	0.000197501
60.0006	0.000197531
60.2506	0.000193507
60.5006	0.000189693
60.7506	0.00019166
61.0006	0.000181586
61.2506	0.000178755
61.5006	0.000178219
61.7506	0.000183971
62.0006	0.00017956
62.2497	0.000186295
62.4996	0.000183285
62.7495	0.000178278
62.9996	0.000175894
63.2489	0.000171126
63.4987	0.000171573
63.7506	0.000170917
64.0005	0.00016898
64.2505	0.000166954
64.5005	0.000165404
64.7505	0.000163347
65.0005	0.000161053
65.2505	0.000153662
65.5005	0.000153781
65.7505	0.000151307
66.0005	0.000148536
66.2505	0.000149132
66.5005	0.000146271
66.7505	0.00014642
67.0005	0.000145973
67.2505	0.000145287
67.5005	0.000142069
67.7505	0.000137688
68.0005	0.000138999
68.2505	0.000140221
68.5005	0.000141204
68.7505	0.000135423
69.0005	0.000131608
69.2505	0.000126929
69.5005	0.000124098
69.7505	0.000121922
70.0005	0.000120998
70.2505	0.000123442
70.5005	0.00011918
70.7505	0.000119716
71.0005	0.000120104
71.2505	0.000114531
71.5005	0.000110716
71.75	0.000111342
71.9997	0.000106454
72.2505	0.000105858
72.5005	0.000103802
72.7493	0.000102163
72.9992	0.000101656
73.2505	0.000101865
73.5005	0.000101537
73.7505	9.80E-05
74.0005	9.41E-05
74.2505	9.50E-05
74.5005	9.51E-05
74.7505	9.31E-05
75.0005	8.89E-05
75.2505	8.96E-05
75.5005	8.90E-05
75.7505	8.05E-05
76.0005	8.07E-05
76.2505	8.20E-05
76.5005	7.99E-05
76.7505	7.36E-05
77.0005	7.16E-05
77.2505	7.15E-05
77.5002	7.74E-05
77.75	7.37E-05
78.0001	7.03E-05
78.2503	6.46E-05
78.5003	6.37E-05
78.7502	6.19E-05
79.0004	6.16E-05
79.2504	6.24E-05
79.5004	5.95E-05
79.7504	6.14E-05
80.0004	5.25E-05
80.2504	5.06E-05
80.5004	5.17E-05
80.7504	4.80E-05
81.0004	4.93E-05
81.2504	4.79E-05
81.5004	4.61E-05
81.7504	4.38E-05
82.0004	4.04E-05
82.2504	3.85E-05
82.5004	3.48E-05
82.7504	3.53E-05
83.0004	3.43E-05
83.2492	3.13E-05
83.5004	2.94E-05
83.7504	2.91E-05
84.0004	2.38E-05
84.2504	2.34E-05
84.5004	1.81E-05
84.7504	1.44E-05
85.0004	8.20E-06
85.2504	1.40E-05
85.5004	1.52E-05
85.7504	1.54E-05
86.0004	1.26E-05
86.2504	1.17E-05
86.5004	1.14E-05
86.7504	1.28E-05
87.0004	1.28E-05
87.2504	1.27E-05
87.4995	9.51E-06
87.7504	1.13E-05
88.0004	1.51E-05
88.2504	1.04E-05
88.5004	1.34E-05
88.7504	1.14E-05
89.0004	1.38E-05
89.2504	1.01E-05
89.5004	9.95E-06
89.7504	1.16E-05
90.0004	1.02E-05
90.2503	1.21E-05
90.5003	1.12E-05
90.7503	1.05E-05
91.0003	1.08E-05
91.25	8.37E-06
91.5003	4.89E-06
91.7503	1.17E-05
92.0003	9.75E-06
92.2503	9.83E-06
92.5003	1.05E-05
92.7503	6.05E-06
93.0003	6.35E-06
93.2503	8.11E-06
93.5003	8.58E-06
93.7503	9.51E-06
94.0003	9.30E-06
94.2503	8.52E-06
94.5003	6.71E-06
94.7503	9.39E-06
95.0003	7.00E-06
95.2503	7.54E-06
95.5003	7.69E-06
95.7503	5.01E-06
96.0003	8.97E-06
96.2503	1.00E-05
96.5003	8.58E-06
96.7503	6.94E-06
97.0003	8.52E-06
97.2503	6.35E-06
97.5003	5.99E-06
97.7503	7.81E-06
98.0003	5.36E-06
98.2503	9.15E-06
98.5003	1.08E-05
98.7503	7.63E-06
99.0003	8.37E-06
99.2503	6.68E-06
99.5003	6.91E-06
99.7503	1.13E-05
100	1.09E-05
100.25	1.09E-05
100.5	9.12E-06
100.75	1.38E-05
101	9.12E-06
101.25	1.37E-05
101.5	1.43E-05
101.75	1.04E-05
102	1.05E-05
102.25	1.21E-05
102.5	1.38E-05
102.75	1.12E-05
103	1.60E-05
103.25	1.08E-05
103.5	9.33E-06
103.75	1.47E-05
104	9.92E-06
104.25	1.53E-05
104.5	1.04E-05
104.75	1.48E-05
105	1.47E-05
105.25	1.61E-05
105.5	1.24E-05
105.75	1.62E-05
106	1.57E-05
106.25	1.48E-05
106.5	1.50E-05
106.75	1.43E-05
107	2.10E-05
107.25	1.76E-05
107.5	1.94E-05
107.75	2.01E-05
108	2.02E-05
108.25	2.47E-05
108.5	2.10E-05
108.75	2.35E-05
109	2.00E-05
109.25	2.36E-05
109.5	2.17E-05
109.75	2.41E-05
110	2.77E-05
110.25	2.93E-05
110.5	2.72E-05
110.75	3.23E-05
111	3.27E-05
111.25	3.28E-05
111.5	3.42E-05
111.75	3.19E-05
112	3.24E-05
112.25	3.09E-05
112.5	2.81E-05
112.75	2.32E-05
113	1.64E-05
113.25	1.54E-05
113.5	1.49E-05
113.75	1.53E-05
114	1.56E-05
114.25	1.63E-05
114.5	1.67E-05
114.75	1.78E-05
115	1.96E-05
115.25	1.98E-05
115.5	1.73E-05
115.75	2.04E-05
116	2.14E-05
116.25	2.00E-05
116.5	2.17E-05
116.75	2.04E-05
117	1.90E-05
117.25	2.26E-05
117.5	1.99E-05
117.75	2.29E-05
118	1.85E-05
118.25	1.76E-05
118.5	2.01E-05
118.75	1.87E-05
119	1.73E-05
119.25	1.78E-05
119.5	1.79E-05
119.75	2.04E-05
120	1.88E-05
120.25	2.02E-05
120.5	2.24E-05
120.75	2.50E-05
121	3.14E-05
121.25	3.78E-05
121.5	4.03E-05
121.75	4.09E-05
122	4.26E-05
122.25	4.40E-05
122.5	4.71E-05
122.75	4.92E-05
123	5.36E-05
123.25	5.44E-05
123.5	5.02E-05
123.75	4.67E-05
124	4.41E-05
124.25	4.43E-05
124.5	3.82E-05
124.75	3.02E-05
124.999	1.99E-05
125.25	2.12E-05
125.499	1.86E-05
125.749	1.57E-05
125.998	1.27E-05
126.25	1.69E-05
126.5	1.56E-05
126.75	1.39E-05
127	1.12E-05
127.25	1.53E-05
127.5	1.35E-05
127.75	1.26E-05
128	1.43E-05
128.25	1.25E-05
128.5	1.34E-05
128.75	1.45E-05
129	1.51E-05
129.25	1.44E-05
129.5	1.74E-05
129.75	1.49E-05
130	1.42E-05
130.25	1.30E-05
130.5	1.47E-05
130.75	1.68E-05
130.998	1.16E-05
131.25	1.34E-05
131.5	1.63E-05
131.75	1.34E-05
132	1.56E-05
132.25	1.41E-05
132.5	1.51E-05
132.75	1.90E-05
133	1.41E-05
133.25	1.54E-05
133.5	1.42E-05
133.75	1.22E-05
134	1.50E-05
134.25	1.08E-05
134.5	1.24E-05
134.75	1.45E-05
135	1.47E-05
135	1.19E-05
