Photodiode Viewing Angle (Degrees) - Plot 0	Lock-in Signal Amplitude (V) - Plot 0
-18.9987	0.000107766
-18.7487	0.000107766
-18.4987	0.000106574
-18.2487	0.000107289
-17.9987	0.000107527
-17.7487	0.000105143
-17.4987	0.000101805
-17.2487	0.000103236
-16.9987	0.000101328
-16.7487	0.000104428
-16.4987	0.000101805
-16.2487	0.000100136
-15.9987	9.87E-05
-15.7487	9.85E-05
-15.4987	0.000100613
-15.2487	9.97E-05
-14.9987	9.89E-05
-14.7487	9.80E-05
-14.4987	0.000100852
-14.2487	0.000102044
-13.9987	0.000100613
-13.7487	9.99E-05
-13.4987	9.89E-05
-13.2488	9.73E-05
-12.9987	9.82E-05
-12.7489	9.49E-05
-12.4988	9.42E-05
-12.2487	9.61E-05
-11.9987	9.44E-05
-11.7487	9.25E-05
-11.4987	9.13E-05
-11.2487	9.32E-05
-10.9987	9.58E-05
-10.7487	9.32E-05
-10.4987	9.39E-05
-10.2487	9.35E-05
-9.99876	9.47E-05
-9.74875	9.85E-05
-9.49876	9.23E-05
-9.24876	8.94E-05
-8.99876	8.99E-05
-8.74876	9.08E-05
-8.49876	8.99E-05
-8.24878	9.01E-05
-7.99876	9.30E-05
-7.74878	8.92E-05
-7.49878	9.11E-05
-7.24878	9.08E-05
-6.99878	9.16E-05
-6.74878	9.06E-05
-6.49878	9.18E-05
-6.24878	8.96E-05
-5.99879	9.30E-05
-5.74878	8.87E-05
-5.49879	9.23E-05
-5.24879	9.04E-05
-4.99879	8.89E-05
-4.74879	9.06E-05
-4.49879	9.06E-05
-4.24879	9.13E-05
-3.99879	9.04E-05
-3.74881	9.13E-05
-3.49922	9.39E-05
-3.24881	9.27E-05
-2.99881	8.80E-05
-2.74881	9.13E-05
-2.49881	9.23E-05
-2.24881	8.96E-05
-1.99883	9.01E-05
-1.74883	9.08E-05
-1.49883	9.04E-05
-1.24883	9.16E-05
-0.998825	9.13E-05
-0.748825	8.82E-05
-0.498825	9.06E-05
-0.248825	9.06E-05
0.00117493	8.80E-05
0.25116	9.23E-05
0.50116	8.70E-05
0.750763	9.01E-05
1.00116	8.96E-05
1.25116	8.77E-05
1.50116	8.92E-05
1.75116	8.89E-05
2.00116	8.80E-05
2.25114	8.96E-05
2.50114	8.85E-05
2.75114	8.68E-05
3.00114	9.23E-05
3.25114	8.89E-05
3.50092	8.87E-05
3.75114	8.96E-05
4.00113	8.68E-05
4.25113	9.08E-05
4.50113	8.85E-05
4.75113	9.01E-05
5.00113	8.54E-05
5.25108	8.85E-05
5.50067	8.73E-05
5.75093	8.73E-05
6.00113	8.89E-05
6.25111	9.16E-05
6.50111	9.01E-05
6.75111	9.18E-05
7.00111	8.96E-05
7.25111	9.06E-05
7.50111	8.80E-05
7.75111	8.89E-05
8.0011	8.39E-05
8.25111	8.68E-05
8.5011	8.58E-05
8.7511	8.99E-05
9.0011	8.80E-05
9.2511	8.89E-05
9.5011	8.85E-05
9.75108	9.11E-05
10.0011	8.94E-05
10.2511	9.06E-05
10.5011	8.80E-05
10.7511	9.18E-05
11.0011	8.68E-05
11.2511	8.68E-05
11.5011	8.51E-05
11.7511	8.49E-05
12.0011	8.70E-05
12.2511	8.39E-05
12.5011	8.51E-05
12.7511	8.89E-05
13.0011	8.75E-05
13.2511	8.96E-05
13.5011	8.80E-05
13.7511	8.73E-05
14.0011	8.70E-05
14.2511	8.63E-05
14.5011	8.49E-05
14.7511	8.65E-05
15.0011	8.46E-05
15.2511	8.54E-05
15.501	8.68E-05
15.7511	8.46E-05
16.001	8.42E-05
16.251	8.80E-05
16.501	8.58E-05
16.751	8.56E-05
17.001	8.34E-05
17.251	8.27E-05
17.5006	8.51E-05
17.7507	8.03E-05
18.001	8.01E-05
18.251	8.20E-05
18.501	7.75E-05
18.751	7.82E-05
19.001	7.96E-05
19.251	7.94E-05
19.501	8.15E-05
19.751	7.94E-05
20.001	8.01E-05
20.251	7.87E-05
20.501	8.08E-05
20.751	7.99E-05
21.001	8.13E-05
21.251	8.01E-05
21.501	8.08E-05
21.751	7.92E-05
22.001	7.89E-05
22.251	7.77E-05
22.501	8.13E-05
22.751	7.94E-05
23.001	8.15E-05
23.251	8.13E-05
23.501	8.25E-05
23.751	8.13E-05
24.001	7.96E-05
24.251	8.30E-05
24.501	8.30E-05
24.751	8.08E-05
25.001	7.84E-05
25.251	7.70E-05
25.501	7.70E-05
25.751	7.94E-05
26.001	7.92E-05
26.251	7.68E-05
26.501	7.87E-05
26.751	7.56E-05
26.9999	7.75E-05
27.2496	7.56E-05
27.5009	7.80E-05
27.751	8.01E-05
28.0009	7.41E-05
28.251	7.70E-05
28.5009	7.39E-05
28.7509	7.96E-05
29.0009	7.58E-05
29.2509	7.65E-05
29.5009	7.51E-05
29.7509	7.34E-05
30.0009	7.41E-05
30.2509	7.51E-05
30.5009	7.58E-05
30.7509	7.68E-05
31.0009	7.32E-05
31.2509	7.44E-05
31.5009	7.41E-05
31.7509	7.37E-05
32.0009	7.41E-05
32.2509	7.58E-05
32.5009	7.65E-05
32.7509	7.25E-05
33.0009	7.34E-05
33.2509	7.06E-05
33.5009	7.61E-05
33.7509	7.51E-05
34.0009	7.25E-05
34.2509	7.25E-05
34.5009	7.25E-05
34.7509	6.99E-05
35.0009	7.41E-05
35.2509	7.32E-05
35.5009	6.84E-05
35.7509	6.82E-05
36.0009	7.13E-05
36.2509	7.18E-05
36.5009	7.25E-05
36.7509	7.41E-05
37.0009	7.03E-05
37.2509	6.84E-05
37.5009	6.84E-05
37.7509	6.79E-05
38.0009	6.70E-05
38.2509	6.72E-05
38.5008	6.75E-05
38.7509	6.70E-05
39.0009	6.58E-05
39.2509	6.34E-05
39.5009	6.58E-05
39.7509	6.41E-05
40.0009	6.44E-05
40.2509	6.75E-05
40.5008	6.72E-05
40.7509	6.58E-05
41.0007	6.44E-05
41.2508	6.60E-05
41.5008	6.39E-05
41.7508	6.46E-05
42.0008	6.20E-05
42.2508	5.96E-05
42.5008	5.98E-05
42.7508	6.37E-05
43.0008	6.32E-05
43.2508	6.06E-05
43.5008	6.22E-05
43.7508	5.96E-05
44.0008	6.06E-05
44.2502	5.87E-05
44.5008	5.96E-05
44.7508	5.84E-05
45.0008	5.70E-05
45.2508	5.96E-05
45.5008	5.91E-05
45.7508	6.08E-05
46.0008	5.70E-05
46.2508	5.58E-05
46.5007	5.70E-05
46.7508	5.63E-05
47.0008	5.34E-05
47.2508	5.44E-05
47.5008	5.25E-05
47.7508	5.25E-05
48.0008	5.41E-05
48.2508	5.13E-05
48.5008	5.29E-05
48.7508	4.86E-05
49.0008	4.98E-05
49.2508	5.13E-05
49.5008	5.05E-05
49.7508	4.86E-05
50.0008	4.86E-05
50.2508	5.03E-05
50.5008	5.10E-05
50.7508	4.82E-05
51.0008	4.86E-05
51.2508	4.82E-05
51.5008	4.91E-05
51.7508	4.53E-05
52.0008	4.91E-05
52.2508	4.74E-05
52.5008	4.58E-05
52.7508	4.53E-05
53.0008	4.22E-05
53.2508	4.39E-05
53.4995	4.51E-05
53.7508	4.29E-05
54.0007	4.48E-05
54.2507	3.96E-05
54.5007	4.24E-05
54.7507	4.24E-05
55.0007	4.12E-05
55.2507	3.81E-05
55.5007	3.91E-05
55.7507	4.24E-05
56.0007	3.74E-05
56.2507	4.15E-05
56.5007	4.32E-05
56.7502	3.74E-05
57.0006	3.77E-05
57.2507	3.72E-05
57.5007	3.70E-05
57.7507	3.53E-05
58.0007	3.58E-05
58.2507	3.79E-05
58.5007	3.53E-05
58.7507	3.60E-05
59.0007	3.31E-05
59.2507	3.65E-05
59.5007	3.67E-05
59.7507	3.67E-05
60.0007	3.46E-05
60.2507	3.31E-05
60.5007	3.36E-05
60.7504	3.31E-05
61.0007	3.27E-05
61.2507	3.10E-05
61.5007	3.36E-05
61.7507	2.93E-05
62.0007	3.15E-05
62.2507	2.98E-05
62.5007	2.74E-05
62.7507	2.79E-05
63.0007	2.81E-05
63.2507	2.96E-05
63.5007	3.17E-05
63.7507	2.79E-05
64.0007	2.53E-05
64.2505	2.74E-05
64.5005	2.67E-05
64.7505	2.81E-05
65.0007	2.67E-05
65.2507	2.46E-05
65.5007	2.60E-05
65.7507	2.67E-05
66.0006	2.19E-05
66.2506	2.24E-05
66.5006	2.65E-05
66.7506	2.29E-05
67.0006	2.53E-05
67.2506	2.24E-05
67.5006	2.19E-05
67.7506	2.26E-05
68.0006	2.41E-05
68.2506	2.34E-05
68.5006	2.41E-05
68.7506	2.41E-05
69.0006	1.98E-05
69.2506	2.10E-05
69.5006	2.29E-05
69.7506	2.19E-05
70.0006	2.31E-05
70.2506	2.29E-05
70.5004	2.22E-05
70.75	2.38E-05
71.0006	2.07E-05
71.2506	2.43E-05
71.5006	2.26E-05
71.7506	2.19E-05
72.0006	2.22E-05
72.2506	1.93E-05
72.5006	2.03E-05
72.7506	1.55E-05
73.0006	2.19E-05
73.2506	2.17E-05
73.5006	2.19E-05
73.7506	2.10E-05
74.0006	2.10E-05
74.2506	2.15E-05
74.5006	2.15E-05
74.7506	2.05E-05
75.0006	2.10E-05
75.2506	1.93E-05
75.5006	1.98E-05
75.7506	2.15E-05
75.9998	1.84E-05
76.2506	1.86E-05
76.5006	2.10E-05
76.7506	1.91E-05
77.0006	2.10E-05
77.2506	2.12E-05
77.5006	1.86E-05
77.7506	1.98E-05
78.0006	1.96E-05
78.2506	1.93E-05
78.5006	1.74E-05
78.7506	1.69E-05
79.0005	1.60E-05
79.2505	1.93E-05
79.5003	1.69E-05
79.7505	2.05E-05
80.0005	1.91E-05
80.2501	2.17E-05
80.5004	1.93E-05
80.7501	2.05E-05
81.0005	2.00E-05
81.2505	1.93E-05
81.5005	1.74E-05
81.7505	1.76E-05
82.0005	2.10E-05
82.2505	2.03E-05
82.5005	1.86E-05
82.7505	1.67E-05
83.0005	1.96E-05
83.2505	2.00E-05
83.5005	1.69E-05
83.7505	1.81E-05
84.0005	2.00E-05
84.2505	2.00E-05
84.5005	1.74E-05
84.7505	2.03E-05
85.0005	2.07E-05
85.2505	2.24E-05
85.5005	2.17E-05
85.7505	2.07E-05
85.9998	2.46E-05
86.2505	2.05E-05
86.5005	2.10E-05
86.7505	2.03E-05
87.0005	2.36E-05
87.2505	2.22E-05
87.5005	2.07E-05
87.7505	1.98E-05
88.0005	1.96E-05
88.2505	2.22E-05
88.5005	2.05E-05
88.7505	2.31E-05
89.0005	2.10E-05
89.2505	2.31E-05
89.5005	2.36E-05
89.7505	2.19E-05
90.0005	2.15E-05
90.2505	2.12E-05
90.5005	2.15E-05
90.7505	2.26E-05
91.0005	1.76E-05
91.2494	2.07E-05
91.5	2.38E-05
91.7505	2.07E-05
92.0005	2.24E-05
92.2505	2.26E-05
92.5005	2.07E-05
92.7504	2.22E-05
93.0004	2.19E-05
93.2504	2.05E-05
93.5004	2.00E-05
93.7504	2.03E-05
94.0004	2.05E-05
94.2504	2.36E-05
94.5004	1.93E-05
94.7504	2.05E-05
95.0004	2.19E-05
95.2501	1.93E-05
95.4997	2.31E-05
95.7497	1.93E-05
95.9999	2.31E-05
96.2504	1.81E-05
96.5004	2.12E-05
96.7504	2.07E-05
97.0004	1.79E-05
97.2504	2.31E-05
97.5004	1.81E-05
97.7504	2.03E-05
98.0004	2.17E-05
98.2504	1.98E-05
98.5004	2.24E-05
98.7504	1.88E-05
99.0004	1.98E-05
99.2504	1.76E-05
99.5004	1.86E-05
99.7504	1.91E-05
100	1.81E-05
100.25	2.07E-05
100.5	1.76E-05
100.75	1.91E-05
101	1.79E-05
101.25	1.91E-05
101.5	1.62E-05
101.75	2.03E-05
102	1.86E-05
102.25	1.81E-05
102.5	1.86E-05
102.75	1.69E-05
103	1.50E-05
103.25	1.62E-05
103.5	1.62E-05
103.75	1.67E-05
104	1.26E-05
104.25	1.55E-05
104.5	1.48E-05
104.75	1.48E-05
105	1.22E-05
105.25	1.41E-05
105.5	1.38E-05
105.75	1.65E-05
106	1.17E-05
106.25	1.19E-05
106.5	1.43E-05
106.75	1.31E-05
107	9.30E-06
107.25	9.06E-06
107.5	1.10E-05
107.75	1.19E-05
108	8.82E-06
108.25	1.14E-05
108.5	1.29E-05
108.75	1.07E-05
109	1.36E-05
109.25	1.05E-05
109.5	1.03E-05
109.75	9.78E-06
110	1.31E-05
110.25	1.26E-05
110.5	1.31E-05
110.75	1.00E-05
111	9.06E-06
111.25	1.00E-05
111.5	1.12E-05
111.75	1.10E-05
112	1.10E-05
112.25	1.14E-05
112.5	9.30E-06
112.75	1.22E-05
113	1.12E-05
113.25	9.78E-06
113.499	9.78E-06
113.75	8.82E-06
113.999	1.05E-05
114.25	1.03E-05
114.5	7.15E-06
114.75	1.03E-05
115	1.03E-05
115.25	8.34E-06
115.5	1.10E-05
115.75	8.11E-06
116	1.10E-05
116.25	1.05E-05
116.5	1.22E-05
116.75	7.63E-06
117	1.00E-05
117.25	1.00E-05
117.5	9.30E-06
117.75	8.82E-06
118	1.00E-05
118.25	1.07E-05
118.5	9.78E-06
118.75	8.11E-06
119	9.54E-06
119.25	7.63E-06
119.5	8.34E-06
119.75	9.30E-06
120	1.00E-05
120.25	1.05E-05
120.5	1.07E-05
120.75	9.54E-06
121	9.78E-06
121.25	1.22E-05
121.5	1.05E-05
121.75	1.10E-05
122	1.14E-05
122.25	9.06E-06
122.5	1.26E-05
122.75	7.63E-06
123	1.29E-05
123.25	1.05E-05
123.5	1.03E-05
123.75	8.82E-06
124	1.10E-05
124.25	8.82E-06
124.5	1.00E-05
124.75	8.82E-06
125	7.15E-06
125.25	9.30E-06
125.5	1.14E-05
125.75	1.10E-05
126	1.22E-05
126.25	1.10E-05
126.5	8.11E-06
126.75	1.22E-05
127	1.19E-05
127.25	1.29E-05
127.5	1.34E-05
127.75	1.26E-05
128	1.31E-05
128.25	9.54E-06
128.5	9.78E-06
128.75	1.05E-05
129	1.22E-05
129.25	1.14E-05
129.5	8.58E-06
129.75	1.19E-05
130	1.10E-05
130.25	9.78E-06
130.5	1.14E-05
130.75	9.78E-06
131	1.12E-05
131.25	9.54E-06
131.5	1.05E-05
131.75	9.06E-06
132	1.03E-05
132.25	1.10E-05
132.5	1.31E-05
132.75	1.38E-05
133	1.43E-05
133.25	1.03E-05
133.5	1.10E-05
133.75	1.26E-05
134	1.19E-05
134.25	1.55E-05
134.5	1.05E-05
134.75	1.12E-05
135	1.62E-05
135.25	1.31E-05
135.5	1.22E-05
135.75	1.34E-05
136	1.45E-05
136.25	1.48E-05
136.5	1.22E-05
136.75	1.50E-05
137	1.62E-05
137.25	1.19E-05
137.5	9.30E-06
137.75	1.48E-05
138	1.48E-05
138.249	1.31E-05
138.499	1.38E-05
138.75	1.31E-05
138.999	1.65E-05
139.25	9.30E-06
139.5	1.43E-05
139.75	1.60E-05
140	1.38E-05
140.25	1.29E-05
140.5	1.31E-05
140.75	1.22E-05
141	1.48E-05
141.25	1.38E-05
141.5	1.36E-05
141.75	1.60E-05
142	1.53E-05
142.25	1.38E-05
142.5	1.43E-05
142.75	1.48E-05
143	1.24E-05
143.25	1.60E-05
143.5	1.41E-05
143.75	1.53E-05
144	1.53E-05
144.25	1.69E-05
144.5	1.12E-05
144.75	1.29E-05
145	1.53E-05
145.25	1.22E-05
145.5	1.45E-05
145.75	1.31E-05
146	1.55E-05
146.25	1.48E-05
146.5	1.48E-05
146.75	1.60E-05
147	1.55E-05
147.25	1.88E-05
147.5	1.84E-05
147.75	1.62E-05
148	2.03E-05
148.25	1.79E-05
148.5	1.86E-05
148.75	1.65E-05
149	1.76E-05
149.25	1.69E-05
149.5	1.65E-05
149.75	2.15E-05
150	1.60E-05
150	1.84E-05
-33.9987	9.16E-05
-33.7487	8.92E-05
-33.4987	8.77E-05
-33.2487	8.89E-05
-32.9987	9.08E-05
-32.7487	8.89E-05
-32.4987	8.46E-05
-32.2487	8.73E-05
-31.9987	8.63E-05
-31.7487	8.39E-05
-31.4987	8.34E-05
-31.2487	8.13E-05
-30.9987	8.34E-05
-30.7487	7.89E-05
-30.4987	8.34E-05
-30.2487	8.25E-05
-29.9987	8.13E-05
-29.7487	8.15E-05
-29.4987	8.11E-05
-29.2487	8.39E-05
-28.9987	8.30E-05
-28.7487	8.15E-05
-28.4987	8.32E-05
-28.2487	8.20E-05
-27.9987	8.23E-05
-27.7487	8.13E-05
-27.4987	7.82E-05
-27.2487	7.77E-05
-26.9987	7.99E-05
-26.7487	7.87E-05
-26.4987	7.92E-05
-26.2487	8.01E-05
-26.0004	7.94E-05
-25.7487	8.03E-05
-25.4987	7.68E-05
-25.2487	8.15E-05
-24.9988	7.58E-05
-24.7487	8.03E-05
-24.4988	7.61E-05
-24.2488	7.58E-05
-23.9988	7.92E-05
-23.7488	7.96E-05
-23.4988	7.77E-05
-23.2488	8.08E-05
-22.9988	7.87E-05
-22.7488	7.75E-05
-22.4988	7.68E-05
-22.2488	7.80E-05
-21.9988	7.80E-05
-21.7488	7.99E-05
-21.4988	7.75E-05
-21.2488	8.06E-05
-20.9988	7.58E-05
-20.7488	8.20E-05
-20.4988	8.08E-05
-20.2488	7.89E-05
-19.9988	7.63E-05
-19.7488	7.84E-05
-19.4988	7.89E-05
-19.2488	7.77E-05
-18.9988	8.13E-05
-18.7488	8.01E-05
-18.4988	7.87E-05
-18.2488	7.75E-05
-17.9988	7.96E-05
-17.7488	7.89E-05
-17.4988	7.75E-05
-17.2488	7.84E-05
-16.9988	7.72E-05
-16.7488	8.01E-05
-16.4988	7.75E-05
-16.2488	8.13E-05
-15.9988	7.96E-05
-15.7488	7.77E-05
-15.4988	7.89E-05
-15.2488	7.80E-05
-14.9988	7.75E-05
-14.7488	7.72E-05
-14.499	7.68E-05
-14.2488	7.49E-05
-13.9988	7.96E-05
-13.7488	7.96E-05
-13.4988	7.89E-05
-13.2488	8.08E-05
-12.9988	8.11E-05
-12.7489	7.80E-05
-12.4989	7.72E-05
-12.2489	7.92E-05
-11.9989	8.08E-05
-11.7489	7.80E-05
-11.4989	7.75E-05
-11.2489	7.84E-05
-10.9989	7.77E-05
-10.7489	7.87E-05
-10.4989	8.18E-05
-10.2489	7.46E-05
-9.99887	7.80E-05
-9.74887	7.84E-05
-9.49887	8.11E-05
-9.24889	7.49E-05
-8.99887	7.82E-05
-8.74889	8.03E-05
-8.49889	7.61E-05
-8.25021	8.18E-05
-7.99889	7.84E-05
-7.74889	7.87E-05
-7.49889	8.01E-05
-7.24889	7.89E-05
-6.9989	8.15E-05
-6.74889	8.15E-05
-6.4989	8.27E-05
-6.2489	8.39E-05
-5.9989	8.25E-05
-5.7489	8.01E-05
-5.4989	8.27E-05
-5.24892	8.25E-05
-4.9989	8.51E-05
-4.74892	8.58E-05
-4.49892	8.51E-05
-4.24892	8.20E-05
-3.99892	8.18E-05
-3.74892	8.63E-05
-3.49893	7.92E-05
-3.24892	8.44E-05
-2.99893	7.96E-05
-2.74892	8.27E-05
-2.49893	8.39E-05
-2.24893	8.25E-05
-1.99893	8.15E-05
-1.74893	8.27E-05
-1.49893	8.34E-05
-1.24895	8.30E-05
-0.998932	8.25E-05
-0.748947	7.94E-05
-0.498947	8.08E-05
-0.248947	8.13E-05
0.00105286	8.18E-05
0.251053	8.42E-05
0.501038	8.25E-05
0.751053	8.15E-05
1.00104	8.03E-05
1.25104	8.44E-05
1.50104	7.80E-05
1.75104	8.15E-05
2.00104	7.99E-05
2.25102	8.08E-05
2.50104	8.39E-05
2.75102	8.01E-05
3.00104	7.94E-05
3.25102	8.30E-05
3.50102	7.84E-05
3.75102	8.06E-05
4.00102	8.13E-05
4.25102	8.27E-05
4.50101	7.96E-05
4.75102	8.06E-05
5.00101	8.20E-05
5.25101	7.75E-05
5.50101	7.92E-05
5.75101	8.08E-05
6.00101	7.96E-05
6.25099	8.13E-05
6.50101	8.13E-05
6.75099	7.63E-05
7.001	7.80E-05
7.25099	7.77E-05
7.501	8.01E-05
7.75045	7.96E-05
8.00039	8.01E-05
8.25041	8.06E-05
8.50063	8.15E-05
8.75036	7.70E-05
9.00098	8.06E-05
9.25098	8.08E-05
9.50098	7.80E-05
9.75098	8.01E-05
10.001	7.96E-05
10.251	7.77E-05
10.501	8.20E-05
10.751	7.80E-05
11.001	7.92E-05
11.251	7.49E-05
11.501	7.92E-05
11.751	7.84E-05
12.001	7.84E-05
12.251	7.80E-05
12.5009	7.65E-05
12.751	7.89E-05
13.0009	7.51E-05
13.251	7.82E-05
13.5009	8.11E-05
13.7509	7.80E-05
14.0009	7.68E-05
14.2509	7.65E-05
14.5009	7.72E-05
14.7509	7.68E-05
15.0009	7.77E-05
15.2509	7.84E-05
15.5009	7.53E-05
15.7509	7.34E-05
16.0009	7.61E-05
16.2509	7.80E-05
16.5009	7.75E-05
16.7509	7.37E-05
17.0009	7.77E-05
17.2509	7.34E-05
17.5009	7.75E-05
17.7509	7.56E-05
18.0009	7.37E-05
18.2504	7.77E-05
18.5005	7.75E-05
18.7509	7.72E-05
19.0009	7.87E-05
19.2509	7.56E-05
19.5009	7.84E-05
19.7509	7.56E-05
20.0009	7.72E-05
20.2509	7.37E-05
20.5009	7.84E-05
20.7509	7.61E-05
21.0009	7.92E-05
21.2509	7.37E-05
21.5009	7.58E-05
21.7509	7.56E-05
22.0009	7.56E-05
22.2509	7.63E-05
22.5009	7.46E-05
22.7509	7.65E-05
23.0009	7.46E-05
23.2509	7.77E-05
23.5009	7.37E-05
23.7509	7.70E-05
24.0009	7.77E-05
24.2509	7.30E-05
24.5009	7.68E-05
24.7509	7.65E-05
25.0009	7.18E-05
25.2509	7.37E-05
25.5008	7.39E-05
25.7509	7.51E-05
26.0008	7.49E-05
26.2508	7.39E-05
26.5008	7.46E-05
26.7508	7.41E-05
27.0008	7.37E-05
27.2508	7.41E-05
27.5008	7.80E-05
27.7508	7.39E-05
28.0008	7.18E-05
28.2508	7.46E-05
28.5008	7.32E-05
28.7508	7.46E-05
29.0008	7.22E-05
29.2508	7.41E-05
29.5008	7.37E-05
29.7508	7.46E-05
30.0008	7.46E-05
30.2508	7.34E-05
30.5008	7.30E-05
30.7508	7.44E-05
31.0008	7.08E-05
31.2508	7.15E-05
31.5008	7.10E-05
31.7508	7.34E-05
32.0008	7.06E-05
32.2508	7.37E-05
32.5008	7.34E-05
32.7508	7.44E-05
33.0008	7.30E-05
33.2508	7.18E-05
33.5008	7.13E-05
33.7508	6.91E-05
34.0008	6.68E-05
34.2508	6.99E-05
34.5008	7.34E-05
34.7508	7.13E-05
35.0008	7.34E-05
35.2508	7.25E-05
35.5008	7.25E-05
35.7508	7.03E-05
36.0008	7.08E-05
36.2508	6.68E-05
36.5008	7.18E-05
36.7508	7.22E-05
37.0008	6.89E-05
37.2508	6.84E-05
37.5008	6.68E-05
37.7508	6.72E-05
38.0005	6.68E-05
38.2502	6.60E-05
38.5007	6.72E-05
38.7508	6.37E-05
39.0007	6.46E-05
39.2507	6.63E-05
39.5007	6.63E-05
39.7507	6.53E-05
40.0007	6.53E-05
40.2507	6.58E-05
40.5007	6.77E-05
40.7507	6.72E-05
41.0007	6.91E-05
41.2507	6.72E-05
41.5007	6.68E-05
41.7507	6.51E-05
42.0007	6.75E-05
42.2507	6.58E-05
42.5007	6.79E-05
42.7507	6.65E-05
43.0007	6.56E-05
43.2507	6.37E-05
43.5007	6.22E-05
43.7507	6.41E-05
44.0007	6.63E-05
44.2507	6.44E-05
44.5007	6.25E-05
44.7507	6.29E-05
45.0007	6.20E-05
45.2507	6.44E-05
45.5007	6.25E-05
45.7507	6.20E-05
46.0007	6.03E-05
46.2507	6.32E-05
46.5007	6.08E-05
46.7507	6.32E-05
47.0007	6.22E-05
47.2507	5.84E-05
47.5007	6.10E-05
47.7507	6.13E-05
48.0007	5.89E-05
48.2507	5.89E-05
48.5007	5.58E-05
48.7507	5.89E-05
49.0007	5.79E-05
49.2507	5.53E-05
49.5007	5.75E-05
49.7507	5.58E-05
50.0007	5.84E-05
50.2507	5.46E-05
50.5007	5.72E-05
50.7507	5.46E-05
51.0006	5.58E-05
51.2506	5.77E-05
51.5006	5.34E-05
51.7506	5.25E-05
52.0006	5.44E-05
52.2506	5.08E-05
52.5006	4.82E-05
52.7506	5.27E-05
53.0006	5.08E-05
53.2506	5.01E-05
53.5006	5.20E-05
53.7506	5.10E-05
54.0006	5.29E-05
54.2506	4.96E-05
54.5006	5.17E-05
54.7506	5.13E-05
55.0006	4.89E-05
55.2506	4.82E-05
55.5006	4.86E-05
55.7506	5.10E-05
56.0006	4.55E-05
56.2506	4.70E-05
56.5006	4.74E-05
56.7506	4.91E-05
57.0006	4.58E-05
57.2497	4.48E-05
57.4998	4.32E-05
57.7499	4.36E-05
58.0006	4.15E-05
58.2506	4.22E-05
58.5006	4.05E-05
58.7506	4.03E-05
59.0006	4.17E-05
59.2506	4.17E-05
59.5006	4.41E-05
59.7506	4.22E-05
60.0006	4.27E-05
60.2506	3.91E-05
60.5006	4.01E-05
60.7506	3.86E-05
61.0006	4.03E-05
61.2506	3.65E-05
61.5006	3.53E-05
61.7506	3.41E-05
62.0006	3.58E-05
62.2506	3.84E-05
62.5006	3.48E-05
62.7506	3.77E-05
63.0006	3.58E-05
63.2506	3.74E-05
63.5006	3.31E-05
63.7506	3.55E-05
64.0005	3.65E-05
64.2505	3.77E-05
64.5005	3.53E-05
64.7505	3.10E-05
65.0005	3.48E-05
65.2505	3.08E-05
65.5005	3.03E-05
65.7505	3.22E-05
66.0005	2.69E-05
66.2505	3.03E-05
66.5005	2.84E-05
66.7505	2.69E-05
67.0005	2.84E-05
67.2505	2.79E-05
67.5005	2.84E-05
67.7505	2.86E-05
68.0005	2.65E-05
68.2505	2.62E-05
68.5005	2.62E-05
68.7505	2.55E-05
69.0005	2.69E-05
69.2505	2.31E-05
69.5005	2.38E-05
69.7505	2.31E-05
70.0005	2.65E-05
70.2505	2.65E-05
70.5005	2.22E-05
70.7505	2.50E-05
71.0005	2.36E-05
71.2505	2.60E-05
71.5005	2.15E-05
71.7505	2.55E-05
72.0005	1.91E-05
72.2505	2.05E-05
72.5005	1.91E-05
72.7505	1.84E-05
73.0005	2.03E-05
73.2505	2.10E-05
73.5005	1.81E-05
73.7505	1.96E-05
74.0005	1.96E-05
74.2505	1.98E-05
74.5005	2.07E-05
74.7505	1.65E-05
75.0005	1.72E-05
75.2505	1.72E-05
75.5005	1.60E-05
75.7505	1.43E-05
76.0005	1.69E-05
76.2505	1.76E-05
76.5005	1.76E-05
76.7505	1.43E-05
77.0005	1.48E-05
77.2505	1.67E-05
77.5005	1.36E-05
77.7504	1.55E-05
78.0004	1.76E-05
78.2504	1.48E-05
78.5004	1.84E-05
78.7504	1.65E-05
79.0004	1.43E-05
79.2504	1.60E-05
79.5004	1.43E-05
79.7504	1.53E-05
80.0004	1.72E-05
80.2504	1.55E-05
80.5004	1.60E-05
80.7504	1.62E-05
81.0004	1.69E-05
81.2504	1.48E-05
81.4994	1.57E-05
81.7493	1.60E-05
82.0004	1.41E-05
82.2504	1.26E-05
82.5004	1.41E-05
82.7504	1.48E-05
83.0004	1.31E-05
83.2504	1.55E-05
83.5004	1.57E-05
83.7504	1.55E-05
84.0004	1.55E-05
84.2504	1.50E-05
84.5004	1.50E-05
84.7504	1.86E-05
85.0004	1.86E-05
85.2504	1.69E-05
85.5004	1.88E-05
85.7504	1.86E-05
86.0004	1.93E-05
86.2498	2.07E-05
86.4993	2.03E-05
86.7504	1.96E-05
87.0004	1.84E-05
87.2504	1.88E-05
87.5004	1.81E-05
87.7504	1.93E-05
88.0004	1.76E-05
88.2504	2.07E-05
88.5004	1.96E-05
88.7504	2.00E-05
89.0004	2.03E-05
89.2504	1.60E-05
89.5004	1.76E-05
89.7504	1.84E-05
90.0004	1.91E-05
90.2503	1.81E-05
90.4998	1.72E-05
90.7503	1.86E-05
91.0003	1.79E-05
91.2503	1.81E-05
91.5003	1.53E-05
91.7503	1.65E-05
92.0003	1.60E-05
92.2503	1.26E-05
92.5003	1.38E-05
92.7503	1.43E-05
93.0003	1.38E-05
93.2503	1.38E-05
93.5003	1.26E-05
93.7503	1.55E-05
94.0003	1.10E-05
94.2503	1.36E-05
94.5003	1.10E-05
94.7503	1.10E-05
95.0003	1.22E-05
95.2503	1.10E-05
95.5003	1.26E-05
95.7503	1.26E-05
96.0003	1.36E-05
96.2503	1.31E-05
96.5003	1.60E-05
96.7503	1.14E-05
97.0003	1.24E-05
97.2503	1.72E-05
97.5003	1.48E-05
97.7503	1.24E-05
98.0002	1.22E-05
98.2503	1.10E-05
98.5003	1.26E-05
98.7503	1.22E-05
99.0003	1.48E-05
99.2503	1.48E-05
99.5003	1.07E-05
99.7503	9.78E-06
100	9.54E-06
100.25	1.14E-05
100.5	1.00E-05
100.75	1.22E-05
101	9.06E-06
101.25	1.29E-05
101.5	1.07E-05
101.75	1.22E-05
102	1.41E-05
102.25	1.38E-05
102.5	1.14E-05
102.75	1.34E-05
103	1.00E-05
103.25	1.48E-05
103.5	1.10E-05
103.75	1.26E-05
104	1.31E-05
104.25	1.60E-05
104.499	1.38E-05
104.75	1.65E-05
105	1.22E-05
105.25	1.41E-05
105.5	1.48E-05
105.75	1.38E-05
106	1.22E-05
106.25	1.36E-05
106.5	1.43E-05
106.75	1.24E-05
107	1.17E-05
107.25	1.14E-05
107.5	1.22E-05
107.75	1.07E-05
108	1.05E-05
108.25	1.26E-05
108.5	1.41E-05
108.75	1.31E-05
109	1.29E-05
109.25	1.43E-05
109.5	1.26E-05
109.75	1.22E-05
110	1.38E-05
110.25	1.57E-05
110.5	1.19E-05
110.75	1.05E-05
111	1.29E-05
111.25	1.34E-05
111.5	1.31E-05
111.75	1.31E-05
112	1.24E-05
112.25	1.41E-05
112.5	1.29E-05
112.75	1.48E-05
113	1.05E-05
113.25	1.24E-05
113.5	1.19E-05
113.749	1.31E-05
114	1.22E-05
114.25	1.26E-05
114.5	1.69E-05
114.75	1.31E-05
115	1.62E-05
115.25	1.65E-05
115.5	1.57E-05
115.75	1.60E-05
116	1.45E-05
116.25	1.36E-05
116.5	1.26E-05
116.75	1.34E-05
117	1.60E-05
117.25	1.43E-05
117.5	1.29E-05
117.75	1.41E-05
118	1.69E-05
118.25	1.67E-05
118.5	1.36E-05
118.75	1.60E-05
119	1.55E-05
119.25	1.55E-05
119.5	1.53E-05
119.75	1.38E-05
120	1.60E-05
120.25	1.84E-05
120.5	1.65E-05
120.75	1.53E-05
121	1.60E-05
121.25	1.48E-05
121.5	1.74E-05
121.75	1.36E-05
122	1.67E-05
122.25	1.48E-05
122.5	1.65E-05
122.75	1.98E-05
123	1.62E-05
123.25	1.65E-05
123.5	1.65E-05
123.75	1.81E-05
124	1.53E-05
124.25	1.74E-05
124.5	1.57E-05
124.75	1.60E-05
125	1.48E-05
125.25	1.53E-05
125.5	1.60E-05
125.75	1.55E-05
126	1.65E-05
126.25	1.55E-05
126.5	1.65E-05
126.75	1.38E-05
127	1.76E-05
127.25	1.62E-05
127.5	1.88E-05
127.75	1.84E-05
128	1.65E-05
128.25	1.98E-05
128.5	2.12E-05
128.75	1.57E-05
129	1.65E-05
129.25	1.65E-05
129.5	1.60E-05
129.75	1.86E-05
130	1.76E-05
130.25	1.81E-05
130.5	1.65E-05
130.75	1.36E-05
131	1.79E-05
131.25	1.62E-05
131.5	1.55E-05
131.75	1.93E-05
132	1.86E-05
132.25	1.57E-05
132.5	1.50E-05
132.75	1.65E-05
133	1.93E-05
133.25	1.55E-05
133.5	1.74E-05
133.75	1.86E-05
134	1.79E-05
134.25	1.93E-05
134.5	1.93E-05
134.75	1.65E-05
135	1.48E-05
135	1.76E-05
-48.9987	6.13E-05
-48.7487	5.96E-05
-48.4987	5.79E-05
-48.2487	5.84E-05
-47.9987	6.29E-05
-47.7487	5.82E-05
-47.4987	5.75E-05
-47.2487	5.60E-05
-46.9987	5.65E-05
-46.7487	5.56E-05
-46.4987	5.65E-05
-46.2487	5.87E-05
-45.9987	5.67E-05
-45.7487	5.51E-05
-45.4987	5.53E-05
-45.2487	5.75E-05
-44.9987	5.53E-05
-44.7487	5.70E-05
-44.4987	5.44E-05
-44.2487	5.75E-05
-43.9987	5.70E-05
-43.7487	5.84E-05
-43.4987	5.46E-05
-43.2487	5.96E-05
-42.9987	5.63E-05
-42.7487	5.72E-05
-42.4987	6.03E-05
-42.2488	5.70E-05
-41.9987	5.53E-05
-41.7487	5.41E-05
-41.4987	5.46E-05
-41.2487	5.75E-05
-40.9987	5.75E-05
-40.7487	5.72E-05
-40.4987	5.75E-05
-40.2487	5.41E-05
-39.9988	5.27E-05
-39.7487	5.39E-05
-39.4988	5.53E-05
-39.2488	5.46E-05
-38.9988	5.48E-05
-38.7488	5.72E-05
-38.4988	5.36E-05
-38.2488	5.39E-05
-37.9988	5.39E-05
-37.7488	5.48E-05
-37.4988	5.32E-05
-37.2488	5.72E-05
-36.9988	5.60E-05
-36.7488	5.51E-05
-36.4988	5.10E-05
-36.2488	5.56E-05
-35.9988	5.70E-05
-35.7488	5.20E-05
-35.4988	5.65E-05
-35.2488	5.58E-05
-34.9988	5.56E-05
-34.7488	5.60E-05
-34.5003	5.46E-05
-34.2488	5.29E-05
-33.9988	5.34E-05
-33.7488	5.58E-05
-33.4988	5.70E-05
-33.2488	5.67E-05
-32.9988	5.44E-05
-32.7488	5.53E-05
-32.4988	5.70E-05
-32.2488	5.65E-05
-31.9988	5.41E-05
-31.7488	5.39E-05
-31.4988	5.51E-05
-31.2488	5.82E-05
-30.9988	5.51E-05
-30.7488	5.65E-05
-30.4988	5.67E-05
-30.2488	5.63E-05
-29.9988	5.25E-05
-29.7488	5.56E-05
-29.4988	5.67E-05
-29.2488	5.60E-05
-28.9988	5.63E-05
-28.7488	5.89E-05
-28.4988	5.53E-05
-28.2488	5.56E-05
-27.9988	5.67E-05
-27.7489	5.29E-05
-27.4989	5.51E-05
-27.2489	5.91E-05
-26.9989	5.51E-05
-26.7489	5.98E-05
-26.4989	5.70E-05
-26.2489	5.91E-05
-25.9989	5.87E-05
-25.7489	6.10E-05
-25.4989	5.53E-05
-25.2489	6.03E-05
-24.9989	6.01E-05
-24.7489	5.63E-05
-24.4989	6.08E-05
-24.2489	5.89E-05
-23.9989	5.77E-05
-23.7489	5.98E-05
-23.4989	6.06E-05
-23.2489	6.18E-05
-22.9989	6.13E-05
-22.7489	6.25E-05
-22.4989	6.22E-05
-22.2489	6.08E-05
-21.9989	6.08E-05
-21.7489	6.27E-05
-21.4989	6.41E-05
-21.2489	5.98E-05
-20.9989	6.25E-05
-20.7489	6.44E-05
-20.4989	6.34E-05
-20.2489	6.20E-05
-19.9989	6.49E-05
-19.7489	6.46E-05
-19.4989	6.37E-05
-19.2489	6.58E-05
-18.9989	6.70E-05
-18.7489	6.60E-05
-18.4989	6.39E-05
-18.2489	6.32E-05
-17.9989	6.58E-05
-17.7489	6.46E-05
-17.4989	6.34E-05
-17.2489	6.46E-05
-17.0007	6.53E-05
-16.7505	6.53E-05
-16.4992	6.27E-05
-16.2489	6.49E-05
-15.9989	6.32E-05
-15.7489	6.58E-05
-15.4989	6.75E-05
-15.2489	6.53E-05
-14.9989	6.27E-05
-14.7489	6.63E-05
-14.499	6.53E-05
-14.2489	6.29E-05
-13.999	6.44E-05
-13.749	6.41E-05
-13.499	6.10E-05
-13.249	6.44E-05
-12.999	6.46E-05
-12.749	6.37E-05
-12.499	6.13E-05
-12.249	6.27E-05
-11.999	6.46E-05
-11.749	6.37E-05
-11.499	6.75E-05
-11.249	6.37E-05
-10.999	6.15E-05
-10.749	6.41E-05
-10.499	6.46E-05
-10.249	6.29E-05
-9.99899	6.58E-05
-9.74899	6.63E-05
-9.49899	6.46E-05
-9.24899	6.63E-05
-8.99899	6.58E-05
-8.74901	6.29E-05
-8.49899	6.60E-05
-8.24901	6.56E-05
-7.999	6.75E-05
-7.74901	6.65E-05
-7.499	6.60E-05
-7.24901	6.77E-05
-6.99902	6.58E-05
-6.74902	6.53E-05
-6.49902	6.44E-05
-6.24902	6.49E-05
-5.99902	6.84E-05
-5.74902	6.53E-05
-5.49902	7.10E-05
-5.24902	6.91E-05
-4.99902	6.79E-05
-4.74903	6.58E-05
-4.49903	6.68E-05
-4.24904	6.49E-05
-3.99903	6.75E-05
-3.74904	6.68E-05
-3.50003	6.58E-05
-3.24904	6.65E-05
-2.99904	6.56E-05
-2.74905	6.68E-05
-2.49905	6.72E-05
-2.24905	6.79E-05
-1.99905	6.39E-05
-1.74905	6.77E-05
-1.49905	6.65E-05
-1.24905	6.79E-05
-0.999062	6.96E-05
-0.749062	6.63E-05
-0.499062	6.68E-05
-0.249069	6.32E-05
0.000938416	6.96E-05
0.250931	6.53E-05
0.500931	6.70E-05
0.750778	6.58E-05
1.00093	6.46E-05
1.25092	6.58E-05
1.50092	6.56E-05
1.75092	6.65E-05
2.00092	6.77E-05
2.25092	6.79E-05
2.50092	6.72E-05
2.75092	6.44E-05
3.00091	6.70E-05
3.25092	6.99E-05
3.50091	7.01E-05
3.7509	6.39E-05
4.00091	6.46E-05
4.2509	6.72E-05
4.5009	6.84E-05
4.75089	7.06E-05
5.0009	6.96E-05
5.25089	6.70E-05
5.50089	6.77E-05
5.75089	6.91E-05
6.00089	6.87E-05
6.25089	6.84E-05
6.50088	6.99E-05
6.75089	6.63E-05
7.00088	6.77E-05
7.25089	6.75E-05
7.50088	6.49E-05
7.75087	6.46E-05
8.00087	6.79E-05
8.25087	6.53E-05
8.50087	6.58E-05
8.75086	6.89E-05
9.00087	6.68E-05
9.25086	6.91E-05
9.50086	6.84E-05
9.75086	7.15E-05
10.0009	6.58E-05
10.2509	7.08E-05
10.5008	6.41E-05
10.7509	6.82E-05
11.0008	6.58E-05
11.2508	6.79E-05
11.5008	6.72E-05
11.7508	6.56E-05
12.0008	6.65E-05
12.2508	6.68E-05
12.5008	6.25E-05
12.7508	6.72E-05
13.0008	6.70E-05
13.2502	6.70E-05
13.5008	6.46E-05
13.7508	6.68E-05
14.0008	6.60E-05
14.2508	6.99E-05
14.5008	6.70E-05
14.7508	6.84E-05
15.0008	7.13E-05
15.2508	6.70E-05
15.5008	6.79E-05
15.7508	6.89E-05
16.0008	6.99E-05
16.2508	6.75E-05
16.5008	6.63E-05
16.7508	6.77E-05
17.0008	6.56E-05
17.2508	6.77E-05
17.5008	6.91E-05
17.7508	6.94E-05
18.0008	6.79E-05
18.2508	6.84E-05
18.5008	6.84E-05
18.7508	6.87E-05
19.0008	6.79E-05
19.2508	6.87E-05
19.5008	6.37E-05
19.7508	6.75E-05
20.0008	6.68E-05
20.2508	6.77E-05
20.5008	6.89E-05
20.7508	6.84E-05
21.0008	6.63E-05
21.2508	7.01E-05
21.5008	6.84E-05
21.7508	7.01E-05
22.0008	6.89E-05
22.2508	6.56E-05
22.5008	6.96E-05
22.7508	7.01E-05
23.0008	6.87E-05
23.2508	6.49E-05
23.5007	6.72E-05
23.7508	6.94E-05
24.0007	6.68E-05
24.2507	6.44E-05
24.5007	6.49E-05
24.7507	6.58E-05
25.0007	6.63E-05
25.2507	6.41E-05
25.5007	6.18E-05
25.7507	6.58E-05
26.0007	6.58E-05
26.2507	6.70E-05
26.5007	6.70E-05
26.7507	6.68E-05
27.0007	6.56E-05
27.2507	6.70E-05
27.5007	6.58E-05
27.7507	6.63E-05
28.0007	6.68E-05
28.2507	6.56E-05
28.5007	6.22E-05
28.7507	6.51E-05
29.0007	6.58E-05
29.2507	6.25E-05
29.5007	6.20E-05
29.7507	6.56E-05
30.0007	6.79E-05
30.2507	6.68E-05
30.5007	6.56E-05
30.7507	6.39E-05
31.0007	6.58E-05
31.2507	6.18E-05
31.5007	6.63E-05
31.7507	6.39E-05
32.0007	6.53E-05
32.2507	6.29E-05
32.5007	6.18E-05
32.7507	6.13E-05
33.0007	6.29E-05
33.2507	6.29E-05
33.5007	6.08E-05
33.7507	6.29E-05
34.0007	6.03E-05
34.2507	5.98E-05
34.5007	5.91E-05
34.7507	6.29E-05
35.0007	5.96E-05
35.2507	6.06E-05
35.5007	6.08E-05
35.7507	6.13E-05
36.0006	6.46E-05
36.2506	5.82E-05
36.5006	5.84E-05
36.7506	6.03E-05
37.0006	5.87E-05
37.2506	6.15E-05
37.5006	5.87E-05
37.7506	6.13E-05
38.0006	5.79E-05
38.25	6.29E-05
38.4994	6.29E-05
38.7506	6.08E-05
39.0006	6.06E-05
39.2506	6.46E-05
39.5006	5.96E-05
39.7506	5.87E-05
40.0006	6.01E-05
40.2506	6.20E-05
40.5006	6.46E-05
40.7506	6.15E-05
41.0004	6.37E-05
41.2505	6.13E-05
41.5005	6.44E-05
41.7501	6.20E-05
42.0002	6.53E-05
42.2506	6.29E-05
42.5006	6.58E-05
42.7506	6.51E-05
43.0006	6.15E-05
43.2506	6.49E-05
43.5006	6.20E-05
43.7506	6.37E-05
44.0006	6.15E-05
44.2506	6.13E-05
44.5006	6.46E-05
44.7506	6.46E-05
45.0006	6.51E-05
45.2506	6.58E-05
45.5006	6.53E-05
45.7506	6.41E-05
46.0006	6.53E-05
46.2506	6.72E-05
46.5006	6.63E-05
46.7506	6.34E-05
47.0006	6.20E-05
47.2506	5.89E-05
47.5006	6.58E-05
47.7506	6.49E-05
48.0006	6.34E-05
48.2506	6.91E-05
48.5006	6.96E-05
48.7506	7.27E-05
49.0005	6.91E-05
49.2505	6.51E-05
49.5005	6.75E-05
49.7505	6.82E-05
50.0005	7.18E-05
50.2505	7.10E-05
50.5005	6.75E-05
50.7505	6.65E-05
51.0005	6.91E-05
51.2505	6.84E-05
51.5005	6.87E-05
51.7505	6.82E-05
52.0005	6.79E-05
52.2505	6.89E-05
52.5005	7.13E-05
52.7505	7.34E-05
53.0005	7.32E-05
53.2505	7.10E-05
53.5005	7.25E-05
53.7505	7.25E-05
54.0005	7.51E-05
54.2505	7.70E-05
54.5005	7.37E-05
54.7505	7.41E-05
55.0005	7.49E-05
55.2505	7.41E-05
55.5005	7.49E-05
55.7505	7.58E-05
56.0005	7.58E-05
56.2505	7.80E-05
56.5005	7.63E-05
56.7505	8.08E-05
57.0005	8.06E-05
57.2505	8.30E-05
57.5005	7.94E-05
57.7505	8.18E-05
58.0005	7.51E-05
58.2505	8.13E-05
58.5005	8.08E-05
58.7505	7.96E-05
59.0005	8.13E-05
59.2505	8.18E-05
59.5005	8.34E-05
59.7505	8.61E-05
60.0005	8.56E-05
60.2505	8.68E-05
60.5005	8.11E-05
60.7505	8.46E-05
61.0005	8.54E-05
61.2505	8.51E-05
61.5005	8.27E-05
61.7505	8.39E-05
62.0005	8.44E-05
62.2505	8.03E-05
62.5005	8.06E-05
62.7504	8.49E-05
63.0004	8.85E-05
63.2504	8.56E-05
63.5004	8.63E-05
63.7504	8.30E-05
64.0004	8.20E-05
64.2504	8.06E-05
64.5004	7.89E-05
64.7504	7.96E-05
65.0004	8.20E-05
65.2504	8.37E-05
65.5004	7.58E-05
65.7504	7.30E-05
66.0004	7.61E-05
66.2504	7.89E-05
66.5004	7.58E-05
66.7504	8.01E-05
67.0004	7.70E-05
67.2504	7.75E-05
67.5004	7.82E-05
67.7504	7.37E-05
68.0004	7.08E-05
68.2504	7.18E-05
68.5004	7.34E-05
68.7504	7.13E-05
69.0004	6.82E-05
69.2504	7.01E-05
69.5004	7.18E-05
69.7504	7.08E-05
70.0004	7.08E-05
70.2504	7.30E-05
70.5004	6.91E-05
70.7504	6.96E-05
71.0004	6.58E-05
71.2504	6.96E-05
71.5004	6.70E-05
71.7504	6.29E-05
72.0004	6.60E-05
72.2504	6.13E-05
72.5004	5.84E-05
72.7496	6.34E-05
72.9998	6.13E-05
73.2504	5.91E-05
73.5004	5.82E-05
73.7504	5.84E-05
74.0004	5.58E-05
74.2504	5.41E-05
74.5004	5.41E-05
74.7504	4.72E-05
75.0004	5.39E-05
75.2503	5.46E-05
75.5003	5.29E-05
75.7503	5.41E-05
76.0003	5.20E-05
76.2503	5.25E-05
76.5003	5.48E-05
76.7503	5.60E-05
77.0003	5.36E-05
77.2503	4.89E-05
77.5001	5.13E-05
77.75	4.98E-05
78.0003	4.91E-05
78.2503	4.77E-05
78.5003	4.63E-05
78.7503	4.55E-05
79.0003	4.32E-05
79.2503	3.98E-05
79.5003	4.15E-05
79.7503	4.41E-05
80.0003	4.34E-05
80.2503	4.55E-05
80.5003	4.32E-05
80.7503	4.15E-05
81.0003	3.70E-05
81.2503	3.58E-05
81.5003	3.77E-05
81.7503	3.27E-05
82.0003	3.36E-05
82.2503	3.58E-05
82.5003	3.12E-05
82.7503	3.10E-05
83.0003	2.93E-05
83.2503	3.10E-05
83.5003	2.93E-05
83.7503	3.27E-05
84.0003	2.93E-05
84.2503	2.43E-05
84.5003	2.34E-05
84.7503	1.96E-05
85.0003	2.53E-05
85.2503	2.03E-05
85.5003	1.50E-05
85.7503	9.78E-06
86.0003	1.14E-05
86.2503	7.15E-06
86.5003	1.05E-05
86.7503	1.19E-05
87.0003	9.78E-06
87.2503	1.00E-05
87.5003	1.31E-05
87.7503	9.78E-06
88.0002	1.43E-05
88.2502	1.17E-05
88.5002	1.55E-05
88.7502	1.05E-05
89.0002	9.78E-06
89.2502	1.45E-05
89.5002	1.31E-05
89.7502	1.14E-05
90.0002	1.17E-05
90.2502	1.03E-05
90.5001	1.10E-05
90.7502	1.22E-05
91.0002	1.14E-05
91.2502	1.10E-05
91.5002	9.78E-06
91.7502	1.29E-05
92.0002	1.05E-05
92.2502	1.05E-05
92.5002	1.05E-05
92.7502	9.06E-06
93.0002	1.14E-05
93.2502	1.14E-05
93.5002	9.78E-06
93.7502	1.07E-05
94.0002	1.43E-05
94.2502	1.22E-05
94.5002	1.05E-05
94.7502	9.78E-06
95.0002	1.36E-05
95.2502	1.05E-05
95.5002	1.14E-05
95.7502	1.43E-05
96.0002	1.14E-05
96.2502	1.19E-05
96.5002	1.19E-05
96.7502	1.05E-05
97.0002	1.10E-05
97.2502	1.19E-05
97.5002	1.10E-05
97.7502	1.34E-05
98.0002	1.24E-05
98.2502	1.19E-05
98.5002	1.34E-05
98.7502	9.78E-06
99.0002	1.34E-05
99.2502	1.10E-05
99.5002	1.22E-05
99.7502	1.24E-05
100	1.19E-05
100.25	1.43E-05
100.5	1.65E-05
100.75	1.05E-05
101	1.43E-05
101.25	1.34E-05
101.5	9.06E-06
101.75	1.41E-05
102	1.55E-05
102.25	1.07E-05
102.499	1.19E-05
102.75	1.48E-05
103	1.14E-05
103.25	1.24E-05
103.5	1.50E-05
103.75	1.38E-05
104	1.34E-05
104.25	1.05E-05
104.5	1.48E-05
104.75	1.34E-05
105	1.65E-05
105.25	1.41E-05
105.5	1.55E-05
105.75	1.65E-05
106	1.79E-05
106.25	1.81E-05
106.5	1.86E-05
106.75	1.84E-05
107	1.69E-05
107.25	2.17E-05
107.5	1.93E-05
107.75	1.41E-05
108	1.53E-05
108.25	1.24E-05
108.5	1.57E-05
108.75	1.60E-05
109	1.38E-05
109.25	1.81E-05
109.5	1.69E-05
109.75	1.67E-05
110	1.69E-05
110.25	1.74E-05
110.5	1.65E-05
110.75	1.55E-05
111	1.62E-05
111.25	1.72E-05
111.498	1.86E-05
111.75	1.96E-05
112	1.62E-05
112.25	1.60E-05
112.5	1.69E-05
112.75	1.96E-05
113	1.86E-05
113.25	1.65E-05
113.5	1.81E-05
113.75	1.98E-05
114	1.91E-05
114.25	1.48E-05
114.5	1.76E-05
114.75	1.93E-05
115	1.93E-05
115.25	1.81E-05
115.5	1.93E-05
115.75	1.76E-05
116	1.81E-05
116.25	1.88E-05
116.5	1.96E-05
116.75	1.86E-05
117	1.72E-05
117.25	1.93E-05
117.5	1.93E-05
117.75	1.69E-05
118	1.79E-05
118.25	2.03E-05
118.5	1.91E-05
118.75	2.17E-05
119	1.91E-05
119.25	1.96E-05
119.5	1.93E-05
119.749	1.98E-05
119.999	1.81E-05
120	1.55E-05
-63.9987	4.36E-05
-63.7487	4.27E-05
-63.4987	4.24E-05
-63.2487	4.34E-05
-62.9987	4.17E-05
-62.7487	4.20E-05
-62.4987	3.74E-05
-62.2487	4.32E-05
-61.9987	3.93E-05
-61.7487	3.84E-05
-61.4987	3.91E-05
-61.2487	3.96E-05
-60.9987	3.70E-05
-60.7487	3.93E-05
-60.4987	3.79E-05
-60.2487	3.31E-05
-59.9987	3.72E-05
-59.7487	3.46E-05
-59.4987	3.48E-05
-59.2487	3.74E-05
-58.9987	3.55E-05
-58.7487	3.48E-05
-58.4987	3.31E-05
-58.2487	3.36E-05
-57.9987	3.48E-05
-57.7487	3.31E-05
-57.4987	3.41E-05
-57.2487	3.31E-05
-56.9987	3.36E-05
-56.7487	3.48E-05
-56.4987	3.34E-05
-56.2487	3.19E-05
-55.9987	3.05E-05
-55.7487	3.03E-05
-55.4987	3.41E-05
-55.2487	3.19E-05
-54.9988	3.03E-05
-54.7487	3.17E-05
-54.4988	3.10E-05
-54.2488	3.65E-05
-53.9988	2.96E-05
-53.7488	3.31E-05
-53.4988	3.27E-05
-53.2488	3.19E-05
-52.9988	3.50E-05
-52.7489	3.17E-05
-52.4989	3.12E-05
-52.249	3.15E-05
-51.9988	3.46E-05
-51.7488	3.05E-05
-51.4988	3.34E-05
-51.2488	3.10E-05
-50.9988	3.50E-05
-50.7488	3.34E-05
-50.4988	3.36E-05
-50.2488	3.39E-05
-49.9988	3.10E-05
-49.7488	3.55E-05
-49.4988	2.98E-05
-49.2488	3.41E-05
-48.9988	3.48E-05
-48.7488	3.46E-05
-48.4988	3.19E-05
-48.2488	3.22E-05
-47.9988	3.60E-05
-47.7488	3.24E-05
-47.4988	3.15E-05
-47.2488	3.62E-05
-46.9988	3.74E-05
-46.7488	3.15E-05
-46.4988	3.31E-05
-46.2488	3.34E-05
-45.9988	3.31E-05
-45.7488	3.65E-05
-45.4988	3.58E-05
-45.2488	3.31E-05
-44.9988	3.36E-05
-44.7488	3.03E-05
-44.4988	3.29E-05
-44.2488	3.12E-05
-43.9988	3.50E-05
-43.7488	3.48E-05
-43.4988	3.53E-05
-43.2488	3.43E-05
-42.9988	3.48E-05
-42.7489	3.65E-05
-42.4989	3.41E-05
-42.2489	3.39E-05
-41.9989	3.70E-05
-41.7489	3.55E-05
-41.4989	3.67E-05
-41.2489	3.65E-05
-40.9989	3.36E-05
-40.7489	3.41E-05
-40.4989	3.74E-05
-40.2489	4.03E-05
-39.9989	3.74E-05
-39.7489	3.84E-05
-39.4989	3.86E-05
-39.2489	4.01E-05
-38.9989	3.74E-05
-38.7489	3.74E-05
-38.4989	4.08E-05
-38.2489	3.86E-05
-37.9989	3.79E-05
-37.7489	4.01E-05
-37.4989	3.86E-05
-37.2501	4.27E-05
-36.9989	4.01E-05
-36.7489	3.89E-05
-36.4989	3.65E-05
-36.2489	3.91E-05
-35.9989	3.89E-05
-35.7489	3.74E-05
-35.4989	4.27E-05
-35.2489	4.03E-05
-34.9989	4.05E-05
-34.7489	4.29E-05
-34.4989	4.36E-05
-34.2489	4.24E-05
-33.9989	4.08E-05
-33.7489	4.24E-05
-33.4989	3.93E-05
-33.2489	4.41E-05
-32.9989	4.24E-05
-32.7489	4.20E-05
-32.4989	4.24E-05
-32.2489	4.22E-05
-31.9989	4.39E-05
-31.7489	4.08E-05
-31.4989	4.41E-05
-31.2489	4.32E-05
-30.9989	4.03E-05
-30.7489	4.24E-05
-30.4989	4.22E-05
-30.2489	4.46E-05
-29.9989	4.36E-05
-29.7489	4.36E-05
-29.499	4.36E-05
-29.2489	4.27E-05
-28.999	4.36E-05
-28.749	4.12E-05
-28.499	4.41E-05
-28.249	4.53E-05
-27.999	3.98E-05
-27.749	4.53E-05
-27.499	4.32E-05
-27.249	4.29E-05
-26.999	4.51E-05
-26.749	4.39E-05
-26.499	4.32E-05
-26.249	4.32E-05
-25.999	4.48E-05
-25.749	3.98E-05
-25.499	4.36E-05
-25.249	4.27E-05
-24.999	4.43E-05
-24.749	3.96E-05
-24.499	4.32E-05
-24.249	4.60E-05
-23.999	4.17E-05
-23.749	4.29E-05
-23.499	4.53E-05
-23.2493	4.36E-05
-22.999	4.70E-05
-22.749	4.24E-05
-22.499	4.20E-05
-22.249	4.53E-05
-21.999	4.53E-05
-21.749	4.43E-05
-21.499	4.65E-05
-21.249	4.36E-05
-20.999	4.89E-05
-20.749	4.53E-05
-20.499	4.65E-05
-20.249	4.60E-05
-19.9992	4.51E-05
-19.7492	4.32E-05
-19.4993	4.58E-05
-19.249	4.41E-05
-18.999	4.41E-05
-18.749	4.82E-05
-18.499	4.72E-05
-18.249	4.48E-05
-17.999	4.77E-05
-17.749	4.48E-05
-17.4991	4.53E-05
-17.249	4.70E-05
-16.9991	4.12E-05
-16.749	4.58E-05
-16.4991	4.53E-05
-16.2491	4.43E-05
-15.9991	4.46E-05
-15.7491	4.51E-05
-15.4991	4.86E-05
-15.2491	4.77E-05
-14.9991	4.79E-05
-14.7491	4.43E-05
-14.4991	4.82E-05
-14.2504	4.70E-05
-14.0002	4.74E-05
-13.7491	4.51E-05
-13.4991	4.91E-05
-13.2491	4.86E-05
-12.9991	4.82E-05
-12.7491	4.55E-05
-12.4991	4.84E-05
-12.2491	4.48E-05
-11.9991	4.67E-05
-11.7493	4.74E-05
-11.4991	4.94E-05
-11.2491	4.82E-05
-10.9991	4.86E-05
-10.7491	4.65E-05
-10.4991	5.10E-05
-10.2491	4.82E-05
-9.9991	4.98E-05
-9.74911	4.98E-05
-9.49911	4.91E-05
-9.24911	5.20E-05
-8.99911	4.98E-05
-8.74911	5.25E-05
-8.49912	5.39E-05
-8.24911	5.32E-05
-7.99912	5.15E-05
-7.74911	4.86E-05
-7.49912	5.08E-05
-7.24913	4.91E-05
-6.99913	4.82E-05
-6.74913	5.17E-05
-6.49913	4.58E-05
-6.24914	5.20E-05
-5.99913	5.01E-05
-5.74914	5.08E-05
-5.50066	5.29E-05
-5.24914	4.91E-05
-4.99915	5.05E-05
-4.74915	5.01E-05
-4.49915	4.89E-05
-4.24915	5.22E-05
-3.99915	5.15E-05
-3.74915	4.89E-05
-3.49915	4.98E-05
-3.24916	4.98E-05
-2.99916	5.34E-05
-2.74917	5.25E-05
-2.49916	5.03E-05
-2.24917	5.39E-05
-2.00002	5.08E-05
-1.74917	5.25E-05
-1.49917	5.13E-05
-1.24918	5.44E-05
-0.999176	5.08E-05
-0.749176	5.27E-05
-0.499184	4.98E-05
-0.249176	5.20E-05
0.000816345	5.03E-05
0.250816	5.29E-05
0.500809	5.48E-05
0.750816	5.25E-05
1.00081	5.29E-05
1.2508	5.36E-05
1.50081	5.34E-05
1.7496	5.27E-05
1.9995	5.29E-05
2.2508	5.44E-05
2.4998	5.46E-05
2.75079	5.29E-05
3.00079	5.27E-05
3.25079	5.39E-05
3.50079	5.25E-05
3.75079	5.46E-05
4.00079	5.34E-05
4.25079	5.34E-05
4.50078	5.41E-05
4.75079	5.46E-05
5.00078	5.63E-05
5.25077	5.53E-05
5.50078	5.53E-05
5.75077	5.08E-05
6.00077	5.25E-05
6.25076	5.53E-05
6.50077	5.46E-05
6.75076	5.36E-05
7.00077	5.22E-05
7.25076	5.32E-05
7.50076	5.60E-05
7.75076	5.53E-05
8.00076	5.15E-05
8.25076	5.44E-05
8.50075	5.39E-05
8.75076	5.51E-05
9.00075	5.22E-05
9.25074	5.36E-05
9.50075	5.53E-05
9.75074	5.17E-05
10.0007	5.56E-05
10.2507	5.63E-05
10.5007	5.46E-05
10.7507	5.34E-05
11.0007	5.46E-05
11.2507	5.75E-05
11.5007	5.70E-05
11.7507	5.17E-05
12.0007	5.53E-05
12.2493	5.32E-05
12.4995	5.53E-05
12.7507	5.53E-05
13.0007	5.29E-05
13.2507	5.58E-05
13.5007	5.48E-05
13.7507	5.36E-05
14.0007	5.53E-05
14.2507	5.70E-05
14.5007	5.41E-05
14.7507	5.58E-05
15.0007	5.48E-05
15.2507	5.22E-05
15.5007	5.63E-05
15.7507	5.53E-05
16.0007	5.53E-05
16.2507	5.53E-05
16.5007	5.48E-05
16.7507	5.89E-05
17.0007	5.41E-05
17.2507	5.56E-05
17.5007	5.51E-05
17.7507	5.29E-05
18.0007	5.29E-05
18.2507	5.58E-05
18.5007	5.41E-05
18.7507	5.15E-05
19.0007	5.41E-05
19.2507	5.41E-05
19.5007	5.41E-05
19.7507	5.36E-05
20.0007	5.72E-05
20.2507	5.60E-05
20.5007	5.36E-05
20.7507	5.65E-05
21.0006	5.56E-05
21.2506	5.41E-05
21.5006	5.60E-05
21.7506	5.63E-05
22.0006	5.13E-05
22.2506	5.58E-05
22.5006	5.46E-05
22.7506	5.29E-05
23.0006	5.41E-05
23.2506	5.48E-05
23.5006	5.60E-05
23.7506	5.29E-05
24.0006	5.05E-05
24.2506	5.27E-05
24.5006	5.20E-05
24.7506	5.36E-05
25.0006	5.53E-05
25.2506	5.63E-05
25.5006	5.53E-05
25.7506	5.41E-05
26.0006	5.44E-05
26.2506	5.53E-05
26.5006	5.70E-05
26.7506	5.56E-05
27.0006	5.75E-05
27.2506	5.96E-05
27.5006	5.77E-05
27.7506	5.87E-05
28.0006	5.63E-05
28.2506	5.53E-05
28.5006	5.65E-05
28.7506	5.58E-05
29.0006	5.58E-05
29.2506	5.46E-05
29.5006	5.75E-05
29.7493	5.58E-05
30.0006	5.70E-05
30.2506	5.51E-05
30.5006	5.60E-05
30.7506	5.46E-05
31.0006	5.79E-05
31.2506	5.51E-05
31.5006	5.60E-05
31.7506	5.79E-05
32.0006	5.41E-05
32.2504	5.87E-05
32.5006	5.79E-05
32.7506	5.87E-05
33.0006	5.63E-05
33.2506	5.79E-05
33.5006	5.87E-05
33.7506	5.70E-05
34.0005	5.79E-05
34.2505	6.03E-05
34.5005	5.77E-05
34.7505	5.87E-05
35.0005	6.03E-05
35.2505	5.87E-05
35.5005	6.08E-05
35.7505	5.75E-05
36.0005	5.53E-05
36.2505	6.03E-05
36.5005	5.70E-05
36.7505	5.87E-05
37.0005	5.96E-05
37.2505	5.79E-05
37.5005	5.67E-05
37.7505	5.82E-05
38.0005	5.82E-05
38.2505	6.08E-05
38.5005	6.08E-05
38.7505	6.06E-05
39.0005	6.32E-05
39.2505	6.13E-05
39.5005	6.08E-05
39.7505	6.03E-05
40.0005	6.20E-05
40.2505	6.53E-05
40.5005	6.08E-05
40.7505	6.44E-05
41.0005	6.22E-05
41.2505	6.15E-05
41.5005	6.25E-05
41.7505	6.39E-05
42.0005	6.20E-05
42.2505	6.49E-05
42.5005	6.58E-05
42.7505	6.49E-05
43.0005	6.51E-05
43.2505	6.58E-05
43.5005	6.70E-05
43.7505	6.72E-05
44.0005	6.29E-05
44.2505	6.58E-05
44.5005	6.49E-05
44.7505	6.58E-05
45.0005	6.70E-05
45.2505	6.77E-05
45.5005	6.63E-05
45.7505	6.77E-05
46.0005	6.79E-05
46.2505	6.79E-05
46.5005	7.18E-05
46.7505	6.70E-05
47.0005	6.89E-05
47.2505	7.10E-05
47.5005	6.77E-05
47.7504	7.13E-05
48.0004	7.34E-05
48.2504	7.25E-05
48.5004	7.30E-05
48.7504	6.91E-05
49.0004	7.20E-05
49.2504	7.41E-05
49.5003	7.53E-05
49.7504	7.41E-05
50.0004	7.46E-05
50.2504	7.41E-05
50.5004	7.51E-05
50.7504	7.53E-05
51.0004	7.70E-05
51.2504	7.84E-05
51.5004	7.92E-05
51.7504	8.20E-05
52.0004	8.32E-05
52.2504	8.01E-05
52.5004	8.06E-05
52.7504	8.25E-05
53.0004	7.92E-05
53.2504	8.58E-05
53.5004	8.34E-05
53.7504	8.65E-05
54.0004	8.51E-05
54.2504	8.56E-05
54.5004	8.96E-05
54.7504	9.23E-05
55.0004	9.32E-05
55.2504	9.58E-05
55.5004	9.63E-05
55.7504	9.63E-05
55.9992	9.73E-05
56.2504	9.87E-05
56.5004	9.87E-05
56.7504	9.73E-05
57.0004	0.000104905
57.2504	0.000103474
57.5004	0.00010705
57.7504	0.00010562
58.0004	0.00011015
58.2504	0.000114441
58.5004	0.000115872
58.7504	0.000118971
59.0004	0.000121832
59.2504	0.000124932
59.4997	0.000127793
59.7493	0.00012684
60.0004	0.000125886
60.2503	0.000131608
60.5003	0.000134707
60.7503	0.000137568
61.0003	0.000140668
61.2503	0.00014329
61.5003	0.000145198
61.7503	0.000152827
62.0003	0.000153304
62.2503	0.000157596
62.5003	0.000160457
62.7503	0.000162841
63.0003	0.00017047
63.2503	0.000173331
63.5003	0.000179292
63.7503	0.000181437
64.0003	0.000185729
64.2503	0.000191213
64.5003	0.000198127
64.7503	0.00019765
65.0003	0.000206471
65.2503	0.000216962
65.5003	0.000217439
65.7503	0.000221253
66.0003	0.000223876
66.2503	0.000229598
66.5003	0.000232459
66.7503	0.000232936
67.0003	0.000236512
67.2503	0.000245811
67.5003	0.000253918
67.7503	0.000263931
68.0003	0.00026417
68.2503	0.000272753
68.5003	0.000275614
68.7503	0.000280621
69.0003	0.000289204
69.2503	0.000292065
69.5003	0.000294449
69.7503	0.000299932
70.0003	0.000305893
70.2503	0.000313761
70.5003	0.000318291
70.7503	0.000317814
71.0003	0.000324251
71.2486	0.000331165
71.5003	0.000334265
71.7503	0.00034547
72.0003	0.000354769
72.2503	0.000364782
72.5003	0.000378134
72.7503	0.000384094
73.0002	0.000385048
73.2502	0.000387432
73.5002	0.000388624
73.7502	0.000391008
74.0002	0.000390293
74.2502	0.000389578
74.5002	0.000392439
74.7502	0.000400068
75.0002	0.000404837
75.2502	0.000402214
75.5002	0.000403406
75.7502	0.000406267
76.0002	0.000407459
76.2502	0.000413181
76.5002	0.000404121
76.7502	0.000385525
77.0002	0.000384094
77.2502	0.000384094
77.5002	0.00039077
77.7502	0.000382425
78.0002	0.000383617
78.2502	0.000399591
78.5002	0.000405075
78.7502	0.000402452
79.0002	0.000386002
79.2502	0.000370743
79.5002	0.000357868
79.7502	0.000355484
80.0002	0.000358822
80.2502	0.000356914
80.5002	0.000346662
80.7502	0.000334503
81.0002	0.00033498
81.2502	0.000337841
81.5002	0.000330688
81.7502	0.00031543
82.0002	0.000301601
82.2502	0.000299217
82.5002	0.000293734
82.7502	0.000280382
83.0002	0.000267984
83.2502	0.000259401
83.5002	0.000248196
83.7502	0.000231982
84.0002	0.000199796
84.2502	0.00015092
84.5002	9.39E-05
84.7502	4.65E-05
85.0002	2.62E-05
85.2502	2.43E-05
85.5002	1.98E-05
85.7502	1.72E-05
86.0001	1.53E-05
86.2501	1.86E-05
86.5001	1.86E-05
86.7501	1.65E-05
87.0001	1.60E-05
87.2501	1.55E-05
87.5001	1.48E-05
87.7501	1.93E-05
88.0001	1.79E-05
88.2501	1.34E-05
88.5001	1.67E-05
88.7501	1.48E-05
89.0001	1.48E-05
89.2501	1.48E-05
89.5001	1.45E-05
89.7501	2.12E-05
90.0001	1.81E-05
90.2501	1.62E-05
90.5001	1.62E-05
90.7501	1.67E-05
91.0001	1.93E-05
91.2501	1.91E-05
91.5001	2.15E-05
91.7501	2.10E-05
92.0001	2.38E-05
92.2501	2.74E-05
92.5001	2.43E-05
92.7501	2.86E-05
93.0001	3.19E-05
93.2501	3.31E-05
93.5001	3.70E-05
93.7501	3.74E-05
94.0001	4.08E-05
94.2501	4.43E-05
94.5001	5.03E-05
94.7501	5.34E-05
95.0001	5.77E-05
95.2501	6.20E-05
95.5001	6.84E-05
95.7501	7.08E-05
96.0001	7.53E-05
96.2501	7.44E-05
96.5001	6.65E-05
96.7501	5.96E-05
97.0001	5.03E-05
97.2501	4.24E-05
97.5001	2.69E-05
97.7501	1.72E-05
98.0001	1.53E-05
98.2501	1.26E-05
98.5001	1.65E-05
98.75	1.67E-05
99	1.86E-05
99.25	1.67E-05
99.5	1.62E-05
99.75	1.76E-05
100	1.60E-05
100.25	1.69E-05
100.5	1.65E-05
100.75	1.57E-05
101	1.81E-05
101.25	2.17E-05
101.5	1.84E-05
101.75	1.98E-05
102	1.79E-05
102.25	2.03E-05
102.5	1.88E-05
102.75	1.93E-05
103	2.05E-05
103.25	1.98E-05
103.5	2.05E-05
103.75	1.55E-05
104	1.76E-05
104.25	1.62E-05
104.5	2.10E-05
104.75	1.98E-05
105	2.07E-05
105	1.88E-05
