Photodiode Viewing Angle (Degrees) - Plot 0	Lock-in Signal Amplitude (V) - Plot 0
-18.9987	0.000114441
-18.7487	0.000114441
-18.4987	0.000114441
-18.2487	0.000110627
-17.9987	0.000114441
-17.7487	0.000106812
-17.4987	0.000114441
-17.2487	0.000114441
-16.9987	0.000114441
-16.7487	0.000110627
-16.4987	0.000110627
-16.2487	0.000110627
-15.9987	0.000106812
-15.7487	0.000106812
-15.4987	0.000110627
-15.2487	0.000110627
-14.9987	0.000106812
-14.7487	0.000110627
-14.4987	0.000106812
-14.2487	0.000110627
-13.9987	0.000110627
-13.7487	0.000102997
-13.4987	0.000102997
-13.2487	0.000102997
-12.9992	0.000102997
-12.7487	0.000102997
-12.4987	0.000106812
-12.2487	0.000102997
-11.9987	0.000102997
-11.7487	0.000102997
-11.4987	0.000102997
-11.2487	0.000102997
-10.9987	0.000102997
-10.7487	0.000102997
-10.4987	0.000102997
-10.2487	0.000102997
-9.99876	0.000102997
-9.74875	0.000102997
-9.49876	0.000102997
-9.24876	0.000102997
-8.99876	0.000102997
-8.74876	0.000102997
-8.49876	0.000102997
-8.24878	0.000102997
-7.99876	0.000102997
-7.74878	0.000102997
-7.49878	0.000102997
-7.24878	0.000102997
-6.99878	0.000102997
-6.74878	0.000102997
-6.49878	0.000102997
-6.24878	0.000102997
-5.99879	0.000102997
-5.74878	0.000102997
-5.49879	0.000102997
-5.24879	0.000102997
-4.99879	0.000102997
-4.74879	9.92E-05
-4.49879	9.92E-05
-4.24879	0.000102997
-3.99879	0.000102997
-3.74881	0.000102997
-3.49881	0.000102997
-3.24881	0.000102997
-2.99904	0.000102997
-2.74881	9.92E-05
-2.49881	0.000102997
-2.24881	0.000102997
-1.99883	9.92E-05
-1.74883	9.92E-05
-1.49883	9.92E-05
-1.24883	0.000102997
-0.998825	0.000102997
-0.748825	9.92E-05
-0.498825	0.000102997
-0.248825	0.000102997
0.00117493	9.54E-05
0.25116	0.000102997
0.50116	9.92E-05
0.75116	9.92E-05
1.00116	9.92E-05
1.25116	9.54E-05
1.50116	9.92E-05
1.75108	9.54E-05
2.00107	0.000102997
2.25114	0.000102997
2.50114	9.92E-05
2.75114	9.92E-05
3.00114	9.92E-05
3.25114	9.92E-05
3.50114	9.92E-05
3.75114	0.000102997
4.00113	9.92E-05
4.25113	9.16E-05
4.50113	9.92E-05
4.75113	9.16E-05
5.00113	9.92E-05
5.25113	9.92E-05
5.50113	9.92E-05
5.75111	9.54E-05
6.00113	9.54E-05
6.25111	9.92E-05
6.50111	9.54E-05
6.75111	9.92E-05
7.00111	9.54E-05
7.25111	9.92E-05
7.50111	9.92E-05
7.75111	9.54E-05
7.99963	9.54E-05
8.24956	9.54E-05
8.5011	9.92E-05
8.7511	0.000102997
9.0011	9.54E-05
9.2511	9.92E-05
9.5011	9.92E-05
9.75108	9.92E-05
10.0011	9.92E-05
10.2511	9.92E-05
10.5011	9.92E-05
10.7511	9.54E-05
11.0011	9.92E-05
11.2511	9.92E-05
11.5011	9.92E-05
11.7511	9.92E-05
12.0011	9.54E-05
12.2511	9.92E-05
12.5011	9.54E-05
12.7511	0.000102997
13.0011	9.54E-05
13.2511	9.54E-05
13.4993	9.54E-05
13.7511	9.54E-05
14.0011	9.54E-05
14.2511	9.16E-05
14.5011	9.54E-05
14.7511	9.54E-05
15.0011	9.92E-05
15.2511	9.16E-05
15.501	9.92E-05
15.7511	9.54E-05
16.001	9.16E-05
16.251	9.16E-05
16.501	9.54E-05
16.751	9.54E-05
17.001	9.54E-05
17.251	9.16E-05
17.501	9.16E-05
17.751	9.54E-05
18.001	9.16E-05
18.251	9.16E-05
18.501	9.16E-05
18.751	9.16E-05
19.001	8.77E-05
19.251	9.16E-05
19.501	9.16E-05
19.751	9.54E-05
20.001	9.16E-05
20.251	8.77E-05
20.501	9.16E-05
20.751	8.77E-05
21.001	8.39E-05
21.251	9.16E-05
21.501	8.39E-05
21.751	8.77E-05
22.001	8.77E-05
22.251	9.16E-05
22.501	8.77E-05
22.751	8.39E-05
22.9996	9.16E-05
23.251	9.16E-05
23.501	8.77E-05
23.751	8.77E-05
24.001	8.77E-05
24.251	8.77E-05
24.501	8.77E-05
24.751	8.77E-05
25.001	8.77E-05
25.251	8.77E-05
25.501	8.77E-05
25.751	8.39E-05
26.001	8.39E-05
26.251	8.39E-05
26.501	8.39E-05
26.751	8.39E-05
27.0002	8.01E-05
27.2495	8.01E-05
27.4996	8.01E-05
27.751	8.01E-05
28.0009	8.39E-05
28.251	8.39E-05
28.5009	8.39E-05
28.7509	8.39E-05
29.0009	8.01E-05
29.2509	8.39E-05
29.5009	8.01E-05
29.7509	8.01E-05
30.0009	8.01E-05
30.2509	8.01E-05
30.5009	8.01E-05
30.7509	7.63E-05
31.0009	7.63E-05
31.2509	8.01E-05
31.5009	8.01E-05
31.7509	7.63E-05
32.0009	7.63E-05
32.2509	7.63E-05
32.5009	7.63E-05
32.7509	8.01E-05
33.0009	7.63E-05
33.2509	7.63E-05
33.5009	8.01E-05
33.7509	8.01E-05
34.0009	7.63E-05
34.2509	7.63E-05
34.5009	7.63E-05
34.7509	7.63E-05
35.0009	7.63E-05
35.2506	7.63E-05
35.5009	7.63E-05
35.7509	7.25E-05
36.0009	7.63E-05
36.2509	7.63E-05
36.5009	7.25E-05
36.7509	7.63E-05
37.0009	7.63E-05
37.2509	7.63E-05
37.5009	7.25E-05
37.7509	7.63E-05
38.0009	7.63E-05
38.2509	7.63E-05
38.5009	7.25E-05
38.7509	7.25E-05
39.0009	7.25E-05
39.2509	7.25E-05
39.5009	7.25E-05
39.7509	7.25E-05
39.9997	7.63E-05
40.2496	6.87E-05
40.4999	7.25E-05
40.7499	6.87E-05
41.0008	6.87E-05
41.2508	7.63E-05
41.5008	6.87E-05
41.7508	6.87E-05
42.0008	7.25E-05
42.2508	6.87E-05
42.5008	6.10E-05
42.7508	6.10E-05
43.0008	6.49E-05
43.2508	6.10E-05
43.5008	7.25E-05
43.7508	6.49E-05
44.0008	6.49E-05
44.2508	6.49E-05
44.5008	6.10E-05
44.7508	5.72E-05
45.0008	6.10E-05
45.2508	5.72E-05
45.5008	5.72E-05
45.7508	6.10E-05
46.0008	5.72E-05
46.2508	6.10E-05
46.5008	5.72E-05
46.7508	5.72E-05
47.0008	6.10E-05
47.2508	5.72E-05
47.5008	5.34E-05
47.7508	4.96E-05
48.0008	5.34E-05
48.2508	4.96E-05
48.5008	4.96E-05
48.7502	4.96E-05
49.0008	4.96E-05
49.2508	5.34E-05
49.5008	4.96E-05
49.7508	5.34E-05
50.0008	4.96E-05
50.2508	4.96E-05
50.5008	4.96E-05
50.7508	4.96E-05
51.0008	4.96E-05
51.2508	4.96E-05
51.5008	4.96E-05
51.7508	4.96E-05
52.0008	4.96E-05
52.2508	4.58E-05
52.5008	4.58E-05
52.7508	4.58E-05
53.0008	4.58E-05
53.2508	4.58E-05
53.5007	4.58E-05
53.7508	4.20E-05
54.0007	4.20E-05
54.2507	4.58E-05
54.5007	4.58E-05
54.7507	4.58E-05
55.0007	4.20E-05
55.2507	4.20E-05
55.5007	4.20E-05
55.7507	3.81E-05
56.0007	4.20E-05
56.2507	3.81E-05
56.5007	3.81E-05
56.7507	3.81E-05
57.0007	3.81E-05
57.2507	3.43E-05
57.5007	3.05E-05
57.7507	3.05E-05
58.0007	3.43E-05
58.2507	3.43E-05
58.5007	3.05E-05
58.7507	3.43E-05
59.0007	3.05E-05
59.2507	2.29E-05
59.5007	2.67E-05
59.7507	3.05E-05
60.0007	2.29E-05
60.2507	2.67E-05
60.5007	2.29E-05
60.7507	2.29E-05
61.0007	2.29E-05
61.2507	2.67E-05
61.5007	2.29E-05
61.7507	2.29E-05
62.0007	2.67E-05
62.2507	2.29E-05
62.5007	2.29E-05
62.7507	2.29E-05
63.0007	1.91E-05
63.2507	2.29E-05
63.5007	1.53E-05
63.7507	1.91E-05
64.0007	1.91E-05
64.2507	1.91E-05
64.5007	1.91E-05
64.7507	1.91E-05
65.0007	1.91E-05
65.2507	1.91E-05
65.5007	1.53E-05
65.7507	1.91E-05
66.0006	1.91E-05
66.2506	1.91E-05
66.5005	1.53E-05
66.7506	1.53E-05
67.0006	1.91E-05
67.2506	1.91E-05
67.5006	1.91E-05
67.7506	1.91E-05
68.0006	1.91E-05
68.2506	1.91E-05
68.5006	1.91E-05
68.7506	1.91E-05
69.0006	1.91E-05
69.2506	1.91E-05
69.5006	1.53E-05
69.7506	1.91E-05
70.0006	1.53E-05
70.2506	1.91E-05
70.5006	1.91E-05
70.7506	2.29E-05
71.0006	1.91E-05
71.2506	1.91E-05
71.5006	1.91E-05
71.7506	1.91E-05
72.0006	2.29E-05
72.2506	2.29E-05
72.5006	1.91E-05
72.7506	1.91E-05
73.0006	2.29E-05
73.2506	2.29E-05
73.4994	2.29E-05
73.7506	2.29E-05
74.0006	2.29E-05
74.2506	2.29E-05
74.5006	2.29E-05
74.7506	1.91E-05
75.0006	2.29E-05
75.2506	2.29E-05
75.5006	2.29E-05
75.7506	2.29E-05
76.0006	2.29E-05
76.2506	2.29E-05
76.5006	1.91E-05
76.7506	1.91E-05
77.0006	1.91E-05
77.2506	2.29E-05
77.5006	1.91E-05
77.7506	1.53E-05
78.0006	1.91E-05
78.2506	1.91E-05
78.5006	1.91E-05
78.7506	1.91E-05
79.0005	2.29E-05
79.2505	2.29E-05
79.5005	2.29E-05
79.7505	2.29E-05
80.0005	1.91E-05
80.2505	2.29E-05
80.5005	2.29E-05
80.7505	2.29E-05
81.0005	2.29E-05
81.2505	2.29E-05
81.5005	2.29E-05
81.7505	2.29E-05
82.0005	1.91E-05
82.2505	2.29E-05
82.5005	2.29E-05
82.7505	1.91E-05
83.0005	2.29E-05
83.2505	1.91E-05
83.5005	2.29E-05
83.7505	2.29E-05
84.0005	2.29E-05
84.2505	2.29E-05
84.5005	2.29E-05
84.7505	2.29E-05
85.0005	2.29E-05
85.2505	1.91E-05
85.5005	1.91E-05
85.7505	1.91E-05
86.0005	2.29E-05
86.2505	2.29E-05
86.5005	2.29E-05
86.7505	2.29E-05
87.0005	2.29E-05
87.2505	2.29E-05
87.5005	2.29E-05
87.7505	1.91E-05
88.0005	2.29E-05
88.2505	1.91E-05
88.5005	2.29E-05
88.7505	1.91E-05
89.0005	1.91E-05
89.2505	1.53E-05
89.5005	1.91E-05
89.7505	2.29E-05
90.0005	2.29E-05
90.2505	1.91E-05
90.5005	1.91E-05
90.7505	1.91E-05
91.0004	2.29E-05
91.2501	2.29E-05
91.5005	1.53E-05
91.7505	1.91E-05
92.0005	2.29E-05
92.2505	1.91E-05
92.5005	1.91E-05
92.7504	2.29E-05
93.0004	2.29E-05
93.2504	1.91E-05
93.5004	1.91E-05
93.7504	1.91E-05
94.0004	1.91E-05
94.2504	2.29E-05
94.5004	1.91E-05
94.7504	2.29E-05
95.0004	1.53E-05
95.2504	1.91E-05
95.5004	1.91E-05
95.7504	2.29E-05
96.0004	1.91E-05
96.2504	1.91E-05
96.5004	1.91E-05
96.7504	1.53E-05
97.0004	1.53E-05
97.2504	1.91E-05
97.5004	1.91E-05
97.7504	1.53E-05
98.0004	1.91E-05
98.2504	1.91E-05
98.5004	1.53E-05
98.7504	1.91E-05
99.0004	1.53E-05
99.2504	1.91E-05
99.5004	1.91E-05
99.7504	1.91E-05
100	1.91E-05
100.25	1.53E-05
100.5	1.53E-05
100.75	1.53E-05
101	1.53E-05
101.25	1.53E-05
101.5	1.53E-05
101.75	1.14E-05
102	1.14E-05
102.25	1.53E-05
102.5	1.14E-05
102.75	1.14E-05
103	1.53E-05
103.25	1.14E-05
103.5	1.14E-05
103.75	1.53E-05
104	1.14E-05
104.25	1.14E-05
104.5	1.14E-05
104.75	7.63E-06
105	1.14E-05
105.249	1.14E-05
105.5	1.14E-05
105.75	7.63E-06
106	1.14E-05
106.25	1.14E-05
106.5	3.81E-06
106.75	1.14E-05
107	1.14E-05
107.25	7.63E-06
107.5	1.14E-05
107.75	7.63E-06
108	7.63E-06
108.25	7.63E-06
108.5	1.14E-05
108.75	7.63E-06
109	7.63E-06
109.25	7.63E-06
109.5	7.63E-06
109.75	7.63E-06
110	7.63E-06
110.25	7.63E-06
110.5	7.63E-06
110.75	7.63E-06
111	7.63E-06
111.25	3.81E-06
111.5	7.63E-06
111.75	7.63E-06
112	7.63E-06
112.25	7.63E-06
112.5	7.63E-06
112.75	3.81E-06
113	1.14E-05
113.25	7.63E-06
113.5	7.63E-06
113.75	7.63E-06
114	7.63E-06
114.25	3.81E-06
114.5	7.63E-06
114.75	3.81E-06
115	7.63E-06
115.25	7.63E-06
115.5	7.63E-06
115.75	3.81E-06
116	7.63E-06
116.25	3.81E-06
116.5	7.63E-06
116.75	7.63E-06
117	3.81E-06
117.25	1.14E-05
117.5	3.81E-06
117.75	7.63E-06
118	7.63E-06
118.25	3.81E-06
118.5	7.63E-06
118.75	7.63E-06
119	7.63E-06
119.25	7.63E-06
119.5	7.63E-06
119.75	7.63E-06
120	7.63E-06
120.25	7.63E-06
120.5	7.63E-06
120.75	7.63E-06
121	7.63E-06
121.25	7.63E-06
121.5	7.63E-06
121.749	7.63E-06
121.999	7.63E-06
122.25	7.63E-06
122.5	1.14E-05
122.75	1.14E-05
123	3.81E-06
123.25	1.14E-05
123.5	7.63E-06
123.75	3.81E-06
124	7.63E-06
124.25	7.63E-06
124.5	1.14E-05
124.75	1.14E-05
125	7.63E-06
125.25	1.14E-05
125.5	1.14E-05
125.75	7.63E-06
126	3.81E-06
126.25	7.63E-06
126.5	3.81E-06
126.75	3.81E-06
127	3.81E-06
127.25	7.63E-06
127.5	7.63E-06
127.75	7.63E-06
128	3.81E-06
128.25	3.81E-06
128.5	3.81E-06
128.75	3.81E-06
129	7.63E-06
129.25	7.63E-06
129.5	3.81E-06
129.75	3.81E-06
130	3.81E-06
130.25	3.81E-06
130.5	3.81E-06
130.75	7.63E-06
131	3.81E-06
131.25	7.63E-06
131.5	3.81E-06
131.75	7.63E-06
132	3.81E-06
132.25	7.63E-06
132.5	7.63E-06
132.75	7.63E-06
133	7.63E-06
133.25	1.14E-05
133.5	7.63E-06
133.75	7.63E-06
134	7.63E-06
134.25	7.63E-06
134.5	7.63E-06
134.75	1.14E-05
135	1.14E-05
135.25	7.63E-06
135.5	1.14E-05
135.75	1.14E-05
136	1.14E-05
136.25	7.63E-06
136.5	1.14E-05
136.75	7.63E-06
137	1.14E-05
137.25	1.14E-05
137.5	7.63E-06
137.75	1.14E-05
138	1.53E-05
138.25	7.63E-06
138.5	1.14E-05
138.75	1.14E-05
139	1.14E-05
139.25	1.14E-05
139.5	7.63E-06
139.75	7.63E-06
140	1.14E-05
140.25	3.81E-06
140.5	1.14E-05
140.75	7.63E-06
141	7.63E-06
141.25	7.63E-06
141.5	1.14E-05
141.75	1.14E-05
142	1.14E-05
142.25	1.14E-05
142.5	1.14E-05
142.75	1.14E-05
143	1.14E-05
143.25	1.53E-05
143.5	1.53E-05
143.75	1.14E-05
144	1.53E-05
144.25	1.14E-05
144.5	7.63E-06
144.75	1.14E-05
145	1.14E-05
145.25	1.53E-05
145.5	1.53E-05
145.75	1.53E-05
146	1.53E-05
146.25	1.91E-05
146.5	1.53E-05
146.749	1.53E-05
146.999	1.53E-05
147.25	1.53E-05
147.5	1.53E-05
147.75	1.53E-05
148	1.53E-05
148.25	1.91E-05
148.5	1.53E-05
148.75	1.91E-05
149	1.53E-05
149.25	1.53E-05
149.5	1.91E-05
149.75	1.91E-05
150	1.91E-05
150	1.53E-05
-33.9987	9.16E-05
-33.7487	9.16E-05
-33.4987	9.16E-05
-33.2487	9.16E-05
-32.9987	8.77E-05
-32.7487	8.77E-05
-32.5005	8.77E-05
-32.2487	9.16E-05
-31.9987	8.77E-05
-31.7487	8.77E-05
-31.4987	8.39E-05
-31.2487	8.77E-05
-30.9987	8.77E-05
-30.7487	8.39E-05
-30.4987	8.39E-05
-30.2487	8.39E-05
-29.9987	8.39E-05
-29.7487	8.77E-05
-29.4987	8.77E-05
-29.2487	8.77E-05
-28.9987	8.77E-05
-28.7487	8.77E-05
-28.4987	8.77E-05
-28.2487	8.77E-05
-27.9987	8.39E-05
-27.7487	8.77E-05
-27.4987	8.39E-05
-27.2487	8.77E-05
-26.9987	8.39E-05
-26.7487	8.39E-05
-26.4987	8.39E-05
-26.2487	8.77E-05
-25.9987	8.77E-05
-25.7487	8.01E-05
-25.4987	8.39E-05
-25.2492	8.77E-05
-24.9991	8.01E-05
-24.7487	8.39E-05
-24.4988	8.39E-05
-24.2488	8.39E-05
-23.9988	8.39E-05
-23.7488	8.39E-05
-23.4988	8.39E-05
-23.2488	8.39E-05
-22.9988	8.77E-05
-22.7488	8.01E-05
-22.4988	8.77E-05
-22.2488	8.77E-05
-21.9988	8.39E-05
-21.7488	8.01E-05
-21.4988	8.77E-05
-21.2488	8.77E-05
-20.9988	8.39E-05
-20.7488	8.39E-05
-20.4988	8.01E-05
-20.2488	8.01E-05
-19.9988	8.01E-05
-19.7488	8.77E-05
-19.4988	8.39E-05
-19.2488	8.01E-05
-18.9988	8.39E-05
-18.7488	8.01E-05
-18.4988	8.01E-05
-18.2488	8.01E-05
-17.9988	8.39E-05
-17.7488	8.39E-05
-17.4988	8.39E-05
-17.2488	8.01E-05
-16.9988	8.01E-05
-16.7488	8.39E-05
-16.4988	8.01E-05
-16.2496	8.39E-05
-15.9988	8.77E-05
-15.7488	8.01E-05
-15.4988	8.01E-05
-15.2488	8.01E-05
-14.9988	7.63E-05
-14.7488	8.01E-05
-14.4988	8.39E-05
-14.2488	8.39E-05
-13.9988	8.39E-05
-13.7488	8.39E-05
-13.4988	8.77E-05
-13.2488	8.01E-05
-12.9988	8.77E-05
-12.7489	8.39E-05
-12.4992	8.39E-05
-12.2491	8.39E-05
-11.9993	8.39E-05
-11.7489	8.39E-05
-11.4989	8.01E-05
-11.2489	8.01E-05
-10.9989	8.39E-05
-10.7489	8.39E-05
-10.4989	8.77E-05
-10.2489	8.77E-05
-9.99887	8.01E-05
-9.74887	8.39E-05
-9.49887	8.01E-05
-9.24889	8.77E-05
-8.99895	8.39E-05
-8.74889	8.39E-05
-8.49889	8.39E-05
-8.24889	8.39E-05
-7.99889	8.39E-05
-7.74889	8.77E-05
-7.49889	8.39E-05
-7.24889	8.39E-05
-6.9989	8.77E-05
-6.74889	8.77E-05
-6.50041	8.39E-05
-6.2506	9.16E-05
-5.9989	8.77E-05
-5.7489	9.16E-05
-5.4989	8.77E-05
-5.24892	9.16E-05
-4.9989	8.39E-05
-4.74892	9.16E-05
-4.49892	8.77E-05
-4.24892	9.16E-05
-3.99892	9.16E-05
-3.74892	9.16E-05
-3.49893	8.39E-05
-3.24892	9.16E-05
-2.99893	8.77E-05
-2.74892	9.16E-05
-2.49893	9.16E-05
-2.24893	9.16E-05
-1.99893	9.16E-05
-1.74893	9.16E-05
-1.49893	9.16E-05
-1.24895	9.16E-05
-0.998932	8.77E-05
-0.748947	9.16E-05
-0.498947	9.16E-05
-0.248947	9.16E-05
0.00105286	8.77E-05
0.251053	8.77E-05
0.501038	9.16E-05
0.751053	8.77E-05
1.00104	9.16E-05
1.25104	9.16E-05
1.50104	8.77E-05
1.75104	8.77E-05
2.00104	8.77E-05
2.25102	8.77E-05
2.50104	8.77E-05
2.75102	8.39E-05
3.00104	8.39E-05
3.25102	8.39E-05
3.50102	8.39E-05
3.75102	9.16E-05
4.00102	8.39E-05
4.25102	8.77E-05
4.50101	8.39E-05
4.75102	8.39E-05
5.00101	8.77E-05
5.25101	8.39E-05
5.50101	8.77E-05
5.75101	8.77E-05
6.00101	8.39E-05
6.25099	8.39E-05
6.50101	8.77E-05
6.75099	8.39E-05
7.001	8.39E-05
7.25099	8.77E-05
7.501	9.16E-05
7.75099	8.77E-05
8.00098	8.77E-05
8.25098	8.39E-05
8.50098	8.77E-05
8.75098	8.39E-05
9.00098	8.77E-05
9.25098	8.39E-05
9.50098	8.77E-05
9.75098	9.16E-05
10.001	8.77E-05
10.251	8.39E-05
10.501	8.77E-05
10.751	8.39E-05
11.001	8.39E-05
11.251	8.39E-05
11.501	8.39E-05
11.751	8.77E-05
12.001	8.39E-05
12.251	8.39E-05
12.5009	8.77E-05
12.751	8.39E-05
13.0009	8.39E-05
13.251	8.01E-05
13.5009	8.39E-05
13.7509	8.39E-05
14.0009	8.39E-05
14.2509	8.39E-05
14.5009	8.39E-05
14.7509	8.77E-05
15.0009	8.77E-05
15.2509	8.39E-05
15.5009	8.39E-05
15.7509	8.39E-05
16.0009	8.01E-05
16.2509	7.63E-05
16.5009	8.39E-05
16.7509	8.39E-05
17.0009	8.01E-05
17.25	8.01E-05
17.5006	8.01E-05
17.7509	8.01E-05
18.0009	8.01E-05
18.2509	8.01E-05
18.5009	8.39E-05
18.7509	7.63E-05
19.0009	8.39E-05
19.2509	8.39E-05
19.5009	8.01E-05
19.7509	8.39E-05
20.0009	8.39E-05
20.2509	8.01E-05
20.5009	8.01E-05
20.7509	8.39E-05
21.0009	8.39E-05
21.2509	8.01E-05
21.5009	8.39E-05
21.7509	8.39E-05
22.0009	8.39E-05
22.2509	8.01E-05
22.5009	8.39E-05
22.7509	8.39E-05
23.0009	8.39E-05
23.2509	8.39E-05
23.5009	8.39E-05
23.7509	8.39E-05
24.0009	8.01E-05
24.2509	8.01E-05
24.5009	8.39E-05
24.7509	8.39E-05
25.0009	8.01E-05
25.2509	8.39E-05
25.5008	8.39E-05
25.7509	8.01E-05
26.0008	8.39E-05
26.2508	8.39E-05
26.5008	8.01E-05
26.7508	8.01E-05
27.0008	8.39E-05
27.2508	7.63E-05
27.5008	8.01E-05
27.7508	8.39E-05
28.0008	8.01E-05
28.2508	8.01E-05
28.5008	8.01E-05
28.7508	8.01E-05
29.0008	8.39E-05
29.2508	8.01E-05
29.5008	8.39E-05
29.7508	8.01E-05
30.0008	8.01E-05
30.2508	8.01E-05
30.5008	8.01E-05
30.7508	7.63E-05
31.0008	8.01E-05
31.2508	8.39E-05
31.5008	7.63E-05
31.7508	8.39E-05
32.0008	8.01E-05
32.2508	8.01E-05
32.5008	8.01E-05
32.7508	8.01E-05
33.0008	8.01E-05
33.2508	8.01E-05
33.5008	7.63E-05
33.7508	7.63E-05
34.0008	8.01E-05
34.2508	7.63E-05
34.5008	7.63E-05
34.7499	7.63E-05
34.9994	7.63E-05
35.2492	8.39E-05
35.4991	8.01E-05
35.7493	8.01E-05
35.999	8.01E-05
36.2492	8.01E-05
36.5008	8.01E-05
36.7508	7.63E-05
37.0008	7.63E-05
37.2508	8.01E-05
37.5008	7.63E-05
37.7508	7.63E-05
38.0008	7.25E-05
38.2508	7.63E-05
38.5007	7.63E-05
38.7508	7.63E-05
39.0007	7.63E-05
39.2507	7.63E-05
39.5007	7.63E-05
39.7507	7.63E-05
40.0007	7.63E-05
40.2507	7.63E-05
40.499	7.63E-05
40.7489	7.63E-05
40.9988	7.63E-05
41.2507	8.01E-05
41.5007	7.63E-05
41.7507	7.63E-05
42.0007	8.01E-05
42.2507	7.63E-05
42.5007	7.63E-05
42.7507	7.63E-05
43.0007	7.63E-05
43.2507	7.63E-05
43.5007	7.63E-05
43.7507	7.63E-05
44.0007	7.63E-05
44.2507	7.63E-05
44.5007	7.63E-05
44.7507	7.63E-05
45.0007	7.25E-05
45.2507	7.25E-05
45.5007	7.25E-05
45.7507	7.63E-05
46.0007	7.63E-05
46.2507	7.25E-05
46.4993	7.25E-05
46.7493	7.63E-05
46.9991	6.87E-05
47.2507	7.63E-05
47.5007	6.49E-05
47.7507	6.87E-05
48.0007	6.87E-05
48.2507	7.25E-05
48.5007	6.49E-05
48.7507	6.87E-05
49.0007	6.49E-05
49.2507	6.87E-05
49.5007	6.87E-05
49.7507	6.87E-05
50	6.49E-05
50.2499	6.10E-05
50.4998	6.10E-05
50.7498	6.49E-05
51.0006	6.10E-05
51.2506	6.10E-05
51.5006	5.72E-05
51.7506	6.10E-05
52.0006	6.10E-05
52.2506	6.10E-05
52.5006	6.10E-05
52.7506	5.72E-05
53.0006	5.72E-05
53.2506	5.34E-05
53.5006	5.72E-05
53.7506	5.72E-05
54.0006	5.34E-05
54.2506	5.34E-05
54.5006	5.72E-05
54.7506	5.34E-05
55.0006	5.34E-05
55.2506	5.34E-05
55.5006	5.34E-05
55.7506	4.96E-05
56.0006	5.34E-05
56.2506	5.34E-05
56.5006	4.96E-05
56.7506	5.34E-05
57.0006	4.96E-05
57.2506	4.96E-05
57.5006	4.58E-05
57.7506	4.20E-05
58.0006	4.20E-05
58.2502	4.58E-05
58.5006	4.96E-05
58.7506	4.96E-05
59.0006	4.58E-05
59.2506	4.96E-05
59.5006	4.96E-05
59.7506	4.20E-05
60.0006	4.58E-05
60.2506	4.20E-05
60.5006	4.20E-05
60.7506	3.81E-05
61.0006	3.81E-05
61.2506	3.43E-05
61.5006	3.43E-05
61.7506	3.43E-05
62.0006	3.43E-05
62.2506	3.05E-05
62.5006	2.67E-05
62.7506	3.05E-05
63.0006	3.05E-05
63.2506	2.67E-05
63.5006	3.05E-05
63.7506	2.29E-05
64.0005	2.29E-05
64.2505	2.29E-05
64.5005	2.29E-05
64.7505	1.91E-05
65.0005	2.29E-05
65.2505	1.91E-05
65.5005	1.53E-05
65.7505	1.53E-05
66.0005	1.91E-05
66.2505	1.91E-05
66.5005	1.91E-05
66.7505	1.91E-05
67.0005	1.53E-05
67.2505	1.14E-05
67.5005	1.53E-05
67.7505	1.53E-05
68.0005	1.91E-05
68.2505	1.91E-05
68.5005	1.91E-05
68.7505	1.53E-05
69.0005	1.14E-05
69.2505	1.14E-05
69.5005	1.14E-05
69.7505	1.14E-05
70.0005	1.53E-05
70.2505	1.14E-05
70.5005	1.14E-05
70.7505	1.14E-05
71.0005	1.53E-05
71.2505	1.14E-05
71.5005	1.14E-05
71.7505	1.14E-05
72.0005	7.63E-06
72.2505	1.14E-05
72.4998	7.63E-06
72.7505	7.63E-06
73.0005	1.14E-05
73.2505	1.14E-05
73.5005	7.63E-06
73.7505	1.14E-05
74.0005	1.14E-05
74.2505	1.14E-05
74.5005	1.14E-05
74.7505	1.14E-05
75.0005	1.14E-05
75.2505	1.14E-05
75.5005	1.14E-05
75.7505	1.14E-05
76.0005	7.63E-06
76.2505	1.53E-05
76.5005	1.14E-05
76.7505	1.14E-05
77.0005	1.14E-05
77.2505	7.63E-06
77.5005	1.14E-05
77.7504	1.14E-05
78.0004	1.14E-05
78.2504	1.14E-05
78.5004	7.63E-06
78.7504	1.14E-05
79.0004	1.14E-05
79.2504	1.14E-05
79.5004	1.53E-05
79.7501	1.14E-05
80.0004	1.53E-05
80.2504	1.14E-05
80.5004	1.14E-05
80.7504	1.14E-05
81.0004	1.53E-05
81.2504	1.14E-05
81.5004	1.14E-05
81.7504	1.14E-05
82.0004	1.14E-05
82.2504	1.14E-05
82.5004	1.14E-05
82.7504	7.63E-06
83.0004	7.63E-06
83.2504	1.14E-05
83.5004	1.14E-05
83.7504	1.14E-05
84.0004	1.14E-05
84.2504	1.53E-05
84.5004	1.14E-05
84.7481	1.53E-05
85.0004	1.14E-05
85.2504	1.14E-05
85.5004	1.53E-05
85.7504	1.14E-05
86.0004	1.14E-05
86.2504	1.14E-05
86.5004	1.14E-05
86.7504	1.14E-05
87.0004	1.14E-05
87.2504	1.14E-05
87.5004	7.63E-06
87.7504	1.14E-05
88.0004	1.14E-05
88.2504	1.14E-05
88.5004	1.14E-05
88.7504	1.14E-05
89.0004	1.14E-05
89.2504	1.14E-05
89.5004	1.14E-05
89.7504	7.63E-06
90.0004	7.63E-06
90.2503	1.14E-05
90.5003	1.14E-05
90.7503	1.14E-05
91.0003	7.63E-06
91.2503	7.63E-06
91.5003	7.63E-06
91.7503	1.14E-05
92.0003	7.63E-06
92.2503	7.63E-06
92.5003	3.81E-06
92.7503	7.63E-06
93.0003	3.81E-06
93.2503	7.63E-06
93.5003	7.63E-06
93.7503	7.63E-06
94.0003	3.81E-06
94.2503	3.81E-06
94.5003	3.81E-06
94.7503	3.81E-06
95.0003	0
95.2503	3.81E-06
95.5003	0
95.7503	7.63E-06
96.0003	3.81E-06
96.2503	3.81E-06
96.5003	7.63E-06
96.7503	7.63E-06
97.0003	7.63E-06
97.2503	3.81E-06
97.5003	3.81E-06
97.7503	7.63E-06
98.0003	7.63E-06
98.2503	3.81E-06
98.5003	3.81E-06
98.7503	7.63E-06
99.0003	3.81E-06
99.2503	7.63E-06
99.5003	7.63E-06
99.7503	3.81E-06
100	3.81E-06
100.25	3.81E-06
100.5	7.63E-06
100.75	7.63E-06
101	3.81E-06
101.25	7.63E-06
101.5	3.81E-06
101.75	7.63E-06
102	7.63E-06
102.25	3.81E-06
102.5	7.63E-06
102.75	7.63E-06
103	3.81E-06
103.25	7.63E-06
103.5	7.63E-06
103.75	7.63E-06
104	3.81E-06
104.25	3.81E-06
104.5	7.63E-06
104.75	7.63E-06
105	7.63E-06
105.25	7.63E-06
105.5	7.63E-06
105.75	1.14E-05
106	1.14E-05
106.25	1.14E-05
106.5	7.63E-06
106.75	7.63E-06
107	1.14E-05
107.25	7.63E-06
107.5	1.14E-05
107.75	7.63E-06
108	1.14E-05
108.25	7.63E-06
108.5	7.63E-06
108.75	7.63E-06
109	7.63E-06
109.25	1.14E-05
109.5	7.63E-06
109.75	7.63E-06
110	7.63E-06
110.25	3.81E-06
110.5	3.81E-06
110.75	7.63E-06
111	3.81E-06
111.25	3.81E-06
111.5	3.81E-06
111.75	3.81E-06
112	3.81E-06
112.25	3.81E-06
112.5	7.63E-06
112.75	3.81E-06
113	7.63E-06
113.25	7.63E-06
113.5	3.81E-06
113.75	7.63E-06
114	7.63E-06
114.25	3.81E-06
114.5	7.63E-06
114.75	7.63E-06
115	3.81E-06
115.25	1.14E-05
115.5	7.63E-06
115.75	7.63E-06
116	3.81E-06
116.25	1.14E-05
116.5	3.81E-06
116.75	3.81E-06
117	1.14E-05
117.25	3.81E-06
117.5	1.14E-05
117.75	3.81E-06
118	7.63E-06
118.25	7.63E-06
118.5	3.81E-06
118.75	7.63E-06
119	7.63E-06
119.25	7.63E-06
119.5	7.63E-06
119.75	3.81E-06
120	7.63E-06
120.25	1.14E-05
120.5	1.14E-05
120.75	1.14E-05
121	1.14E-05
121.25	1.14E-05
121.5	1.14E-05
121.75	1.14E-05
122	7.63E-06
122.25	1.14E-05
122.5	1.53E-05
122.75	1.14E-05
123	1.14E-05
123.25	1.14E-05
123.5	1.53E-05
123.75	1.14E-05
124	1.53E-05
124.25	1.14E-05
124.5	1.14E-05
124.75	1.53E-05
125	1.14E-05
125.25	1.14E-05
125.5	7.63E-06
125.75	1.14E-05
126	1.14E-05
126.25	1.14E-05
126.5	7.63E-06
126.75	1.91E-05
127	7.63E-06
127.25	1.53E-05
127.5	1.14E-05
127.75	1.14E-05
128	1.14E-05
128.25	1.14E-05
128.5	1.14E-05
128.75	1.14E-05
129	1.14E-05
129.25	1.53E-05
129.5	1.91E-05
129.75	1.53E-05
130	1.53E-05
130.25	1.53E-05
130.5	1.53E-05
130.75	1.53E-05
131	1.53E-05
131.25	1.14E-05
131.5	1.53E-05
131.75	1.53E-05
132	1.14E-05
132.25	1.53E-05
132.5	1.91E-05
132.75	1.53E-05
133	1.53E-05
133.25	1.53E-05
133.499	1.53E-05
133.75	1.91E-05
133.999	1.91E-05
134.25	1.53E-05
134.499	1.53E-05
134.749	1.91E-05
134.999	1.53E-05
135	1.14E-05
-48.9987	4.96E-05
-48.7487	4.96E-05
-48.4987	4.96E-05
-48.2487	4.96E-05
-47.9987	4.96E-05
-47.7487	4.96E-05
-47.4987	4.58E-05
-47.2487	4.96E-05
-46.9987	4.96E-05
-46.7487	4.96E-05
-46.4987	4.96E-05
-46.2487	4.96E-05
-45.9987	4.58E-05
-45.7487	4.96E-05
-45.4987	4.96E-05
-45.2487	4.96E-05
-44.9987	4.96E-05
-44.7487	4.96E-05
-44.4987	4.58E-05
-44.2487	4.58E-05
-43.9987	4.58E-05
-43.7487	4.58E-05
-43.4987	4.58E-05
-43.2487	4.96E-05
-42.9987	4.58E-05
-42.7487	4.58E-05
-42.4988	4.58E-05
-42.2487	4.58E-05
-41.9987	4.20E-05
-41.7487	4.96E-05
-41.4987	4.58E-05
-41.2487	4.96E-05
-40.9987	4.96E-05
-40.7487	4.58E-05
-40.4987	4.58E-05
-40.2487	4.58E-05
-39.9988	4.96E-05
-39.7487	4.20E-05
-39.4988	4.58E-05
-39.2488	4.58E-05
-38.9988	4.58E-05
-38.7488	4.58E-05
-38.4988	4.58E-05
-38.2488	3.81E-05
-37.9988	4.58E-05
-37.7488	4.58E-05
-37.4988	4.20E-05
-37.2488	4.20E-05
-36.9988	4.58E-05
-36.7488	4.58E-05
-36.4988	4.58E-05
-36.2488	4.58E-05
-35.9988	4.58E-05
-35.7488	4.20E-05
-35.4988	4.58E-05
-35.2488	4.58E-05
-34.9988	4.20E-05
-34.7488	4.20E-05
-34.4988	4.20E-05
-34.2488	4.20E-05
-33.9988	4.58E-05
-33.7488	3.81E-05
-33.4988	4.20E-05
-33.2488	4.20E-05
-32.9988	4.20E-05
-32.7488	4.58E-05
-32.4988	4.20E-05
-32.2488	3.81E-05
-31.9988	3.81E-05
-31.7488	4.20E-05
-31.4988	4.20E-05
-31.2488	4.58E-05
-30.9988	4.20E-05
-30.7488	4.20E-05
-30.4988	4.58E-05
-30.2488	4.20E-05
-29.9988	4.20E-05
-29.7488	4.20E-05
-29.4988	4.20E-05
-29.2488	3.81E-05
-28.9988	4.96E-05
-28.7488	4.20E-05
-28.4988	4.96E-05
-28.2488	4.58E-05
-27.9988	4.20E-05
-27.7489	4.20E-05
-27.4989	4.58E-05
-27.2489	4.20E-05
-26.9989	4.58E-05
-26.7489	4.20E-05
-26.4989	4.96E-05
-26.2489	4.58E-05
-25.9989	4.58E-05
-25.7489	4.96E-05
-25.4989	4.20E-05
-25.2489	4.96E-05
-24.9989	4.20E-05
-24.7489	4.20E-05
-24.4989	4.58E-05
-24.2489	4.58E-05
-23.9989	4.20E-05
-23.7489	4.20E-05
-23.4989	4.20E-05
-23.2489	4.96E-05
-22.9989	4.58E-05
-22.7489	4.20E-05
-22.4991	4.96E-05
-22.2489	4.96E-05
-21.9989	4.58E-05
-21.7489	4.20E-05
-21.4989	4.58E-05
-21.2489	4.96E-05
-20.9989	4.96E-05
-20.7489	4.96E-05
-20.4989	4.96E-05
-20.2489	4.96E-05
-19.9989	4.96E-05
-19.7489	4.96E-05
-19.4989	4.96E-05
-19.2489	4.96E-05
-18.9989	4.96E-05
-18.7489	4.96E-05
-18.4989	4.96E-05
-18.249	4.96E-05
-17.9989	4.96E-05
-17.7489	4.96E-05
-17.499	4.96E-05
-17.249	4.96E-05
-16.9989	4.96E-05
-16.7489	4.96E-05
-16.4989	4.96E-05
-16.2489	4.96E-05
-15.9989	4.96E-05
-15.7489	4.96E-05
-15.4989	4.96E-05
-15.2489	4.96E-05
-14.9989	4.96E-05
-14.7489	4.96E-05
-14.499	4.96E-05
-14.2489	4.96E-05
-13.999	4.96E-05
-13.749	4.96E-05
-13.499	4.96E-05
-13.249	4.96E-05
-12.999	4.96E-05
-12.749	4.96E-05
-12.499	4.96E-05
-12.249	4.96E-05
-11.999	4.96E-05
-11.749	4.96E-05
-11.499	4.96E-05
-11.249	4.96E-05
-10.999	4.96E-05
-10.749	4.96E-05
-10.499	4.96E-05
-10.249	4.96E-05
-9.99899	4.96E-05
-9.74899	4.96E-05
-9.49899	4.96E-05
-9.24899	4.96E-05
-8.99899	5.34E-05
-8.74901	4.96E-05
-8.49899	4.96E-05
-8.24901	4.96E-05
-7.999	4.96E-05
-7.74901	4.96E-05
-7.499	4.96E-05
-7.24901	4.96E-05
-6.99902	4.96E-05
-6.74902	4.96E-05
-6.49902	4.96E-05
-6.24902	4.96E-05
-6.00017	4.96E-05
-5.74902	4.96E-05
-5.49902	4.96E-05
-5.24902	4.96E-05
-4.99902	4.96E-05
-4.74903	4.96E-05
-4.49903	4.96E-05
-4.24904	4.96E-05
-3.99903	4.96E-05
-3.74904	4.96E-05
-3.49904	5.34E-05
-3.24904	4.96E-05
-2.99904	4.96E-05
-2.74905	4.96E-05
-2.49905	4.96E-05
-2.24905	4.96E-05
-1.99905	4.96E-05
-1.74905	4.96E-05
-1.49905	5.34E-05
-1.24905	4.96E-05
-0.999062	4.96E-05
-0.749062	4.96E-05
-0.499062	4.96E-05
-0.249069	5.34E-05
0.000938416	4.96E-05
0.250931	4.96E-05
0.500931	5.34E-05
0.750923	5.34E-05
1.00093	4.96E-05
1.25092	4.96E-05
1.50092	4.96E-05
1.75092	4.96E-05
2.00092	4.96E-05
2.25092	4.96E-05
2.50092	4.96E-05
2.75092	4.96E-05
3.00091	4.96E-05
3.25092	4.96E-05
3.50091	4.96E-05
3.7509	4.96E-05
4.00091	5.34E-05
4.2509	4.96E-05
4.5009	5.34E-05
4.75089	5.34E-05
5.0009	4.96E-05
5.25089	5.34E-05
5.50089	4.96E-05
5.75089	4.96E-05
6.00089	5.34E-05
6.25089	5.34E-05
6.50088	4.96E-05
6.75089	5.72E-05
7.00088	5.34E-05
7.25089	5.34E-05
7.50088	5.34E-05
7.75087	5.34E-05
8.00087	5.34E-05
8.25087	5.34E-05
8.50087	5.34E-05
8.75086	4.96E-05
9.00087	5.34E-05
9.25086	5.34E-05
9.50086	4.96E-05
9.75086	4.96E-05
10.0009	4.96E-05
10.2509	5.34E-05
10.5008	5.34E-05
10.7509	5.34E-05
11.0008	5.34E-05
11.2508	5.34E-05
11.4992	4.96E-05
11.7492	4.96E-05
12.0008	5.34E-05
12.2508	4.96E-05
12.5008	5.34E-05
12.7508	5.34E-05
13.0008	6.10E-05
13.2508	5.34E-05
13.5008	5.34E-05
13.7508	5.72E-05
14.0008	5.72E-05
14.2508	4.96E-05
14.5008	5.34E-05
14.7508	5.72E-05
15.0008	5.72E-05
15.2508	5.72E-05
15.5008	5.34E-05
15.7508	5.34E-05
16.0008	5.34E-05
16.2508	5.34E-05
16.5008	4.96E-05
16.7508	5.34E-05
17.0008	4.96E-05
17.2508	5.72E-05
17.5008	5.72E-05
17.7508	5.34E-05
18.0008	5.72E-05
18.2508	5.34E-05
18.5008	5.72E-05
18.7508	5.34E-05
19.0008	5.72E-05
19.2508	5.72E-05
19.5008	5.34E-05
19.7508	5.34E-05
20.0008	5.72E-05
20.2508	5.72E-05
20.5008	5.34E-05
20.7508	5.34E-05
21.0008	5.72E-05
21.2508	5.72E-05
21.5008	5.72E-05
21.7508	5.34E-05
22.0008	5.34E-05
22.2508	5.34E-05
22.5008	5.72E-05
22.7508	5.72E-05
23.0008	5.34E-05
23.2508	5.34E-05
23.5007	5.72E-05
23.7508	4.96E-05
24.0005	5.34E-05
24.2507	5.34E-05
24.5007	5.72E-05
24.7507	5.34E-05
25.0007	5.72E-05
25.2507	5.72E-05
25.5007	6.10E-05
25.7507	5.72E-05
26.0007	5.72E-05
26.2507	6.10E-05
26.5007	6.10E-05
26.7507	5.72E-05
27.0007	5.34E-05
27.2507	6.10E-05
27.5007	6.10E-05
27.7507	5.72E-05
28.0007	5.72E-05
28.2507	5.72E-05
28.5007	6.10E-05
28.7507	5.72E-05
29.0007	5.72E-05
29.2507	6.10E-05
29.5007	6.10E-05
29.7507	5.72E-05
30.0007	5.72E-05
30.2507	6.10E-05
30.5007	5.72E-05
30.7507	5.72E-05
31.0007	6.10E-05
31.2507	6.10E-05
31.5007	5.72E-05
31.7507	5.72E-05
32.0007	6.10E-05
32.2507	6.10E-05
32.5007	5.72E-05
32.749	5.72E-05
33.0007	6.10E-05
33.2507	5.72E-05
33.5007	5.72E-05
33.7507	6.10E-05
34.0007	5.72E-05
34.2507	5.72E-05
34.5007	6.10E-05
34.7507	6.10E-05
35.0007	6.10E-05
35.2507	5.72E-05
35.5007	6.10E-05
35.7507	6.10E-05
36.0006	6.10E-05
36.2506	6.10E-05
36.5006	6.10E-05
36.7506	5.72E-05
37.0006	6.10E-05
37.2506	6.10E-05
37.5006	6.49E-05
37.7506	5.72E-05
38.0006	6.10E-05
38.2506	6.10E-05
38.5006	6.10E-05
38.7506	6.49E-05
39.0006	6.49E-05
39.2506	6.49E-05
39.5006	6.10E-05
39.7506	6.10E-05
40.0006	6.49E-05
40.2506	6.49E-05
40.5006	6.87E-05
40.7506	6.87E-05
41.0006	6.87E-05
41.2506	6.87E-05
41.5006	7.25E-05
41.7506	7.25E-05
42.0006	7.25E-05
42.2506	7.25E-05
42.4994	6.87E-05
42.7506	7.25E-05
43.0006	7.63E-05
43.2506	7.63E-05
43.5006	7.63E-05
43.7506	7.63E-05
44.0006	7.63E-05
44.2506	8.01E-05
44.5006	8.01E-05
44.7506	7.63E-05
45.0006	7.63E-05
45.2506	8.01E-05
45.5006	8.01E-05
45.7506	8.01E-05
46.0006	8.01E-05
46.2506	7.63E-05
46.5006	8.01E-05
46.7506	8.01E-05
46.9993	8.01E-05
47.2506	8.39E-05
47.5006	9.16E-05
47.7506	8.77E-05
48.0006	8.77E-05
48.2506	9.16E-05
48.5006	9.54E-05
48.7506	9.16E-05
49.0005	9.92E-05
49.2505	9.54E-05
49.5005	9.54E-05
49.7505	9.92E-05
50.0005	9.92E-05
50.2505	9.92E-05
50.5005	9.92E-05
50.7505	9.54E-05
51.0005	0.000102997
51.2505	0.000106812
51.5005	0.000102997
51.7505	0.000110627
52.0005	0.000110627
52.2505	0.000110627
52.5005	0.000114441
52.7505	0.000118256
53.0005	0.000114441
53.2505	0.000122071
53.5004	0.000125886
53.7505	0.000125886
54.0005	0.000125886
54.2505	0.000129701
54.5005	0.000129701
54.7505	0.000129701
55.0005	0.000133515
55.2505	0.00013733
55.5005	0.000144959
55.7505	0.000144959
56.0005	0.000148774
56.2505	0.000152589
56.5005	0.000160218
56.7505	0.000160218
57.0005	0.000160218
57.2505	0.000160218
57.5005	0.000164033
57.7505	0.000167848
58.0005	0.000171662
58.2505	0.000175477
58.5005	0.000179292
58.7505	0.000183106
59.0005	0.000190736
59.2505	0.00019455
59.5005	0.00019455
59.7505	0.00019455
60.0005	0.000198365
60.2504	0.000205995
60.5005	0.000209809
60.7504	0.000209809
61.0003	0.000213624
61.2492	0.000217439
61.4994	0.000221253
61.7495	0.000228883
62.0005	0.000232697
62.2505	0.000236512
62.5005	0.000247957
62.7504	0.000247957
63.0004	0.000247957
63.2504	0.000247957
63.5004	0.000255587
63.7504	0.000263216
64.0004	0.000263216
64.2504	0.000263216
64.5004	0.000263216
64.7504	0.000263216
65.0004	0.000263216
65.2504	0.000263216
65.4997	0.000267031
65.7492	0.000270845
65.9994	0.000289919
66.2491	0.000297548
66.5004	0.000312807
66.7504	0.000324251
67.0004	0.000316622
67.2504	0.000305178
67.5004	0.000301363
67.7504	0.000301363
68.0004	0.000316622
68.2504	0.000324251
68.5004	0.000331881
68.7504	0.00033951
69.0004	0.000343325
69.2504	0.000366213
69.5004	0.000373842
69.7501	0.000385286
69.9997	0.000385286
70.2504	0.000389101
70.5004	0.00040436
70.7504	0.000415804
71.0004	0.000419619
71.2504	0.000423433
71.5004	0.000427248
71.7504	0.000438692
72.0004	0.000434877
72.2504	0.000442507
72.5004	0.000446321
72.7504	0.000446321
73.0004	0.000438692
73.2504	0.000431063
73.5004	0.000434877
73.7504	0.000431063
74.0004	0.000427248
74.2504	0.000427248
74.5001	0.000419619
74.7495	0.000427248
74.9995	0.000419619
75.2501	0.000419619
75.4993	0.000408174
75.7493	0.000400545
76.0003	0.00040436
76.2503	0.000408174
76.5003	0.000419619
76.7503	0.000408174
77.0003	0.000385286
77.2503	0.000373842
77.5003	0.000381472
77.7503	0.000385286
78.0003	0.000385286
78.2503	0.000366213
78.5003	0.00033951
78.7503	0.000324251
79.0003	0.000316622
79.2503	0.000324251
79.5003	0.000335695
79.7503	0.000358583
80.0003	0.000350954
80.2503	0.000324251
80.5003	0.000293734
80.7503	0.000282289
81.0003	0.000270845
81.2503	0.000259401
81.499	0.000255587
81.7485	0.000240327
81.9991	0.000232697
82.2503	0.000236512
82.5003	0.000228883
82.7503	0.000225068
83.0003	0.000217439
83.2503	0.000205995
83.5003	0.000190736
83.7503	0.000186921
84.0003	0.000186921
84.2503	0.000179292
84.5003	0.000175477
84.7503	0.000167848
85.0003	0.000156404
85.2503	0.000129701
85.5003	9.16E-05
85.7503	4.58E-05
86.0003	1.91E-05
86.2503	7.63E-06
86.5003	7.63E-06
86.7503	3.81E-06
87.0003	7.63E-06
87.2503	7.63E-06
87.5003	7.63E-06
87.7503	1.14E-05
88.0002	1.14E-05
88.2502	7.63E-06
88.5002	1.14E-05
88.7502	7.63E-06
89.0002	7.63E-06
89.2502	1.14E-05
89.5002	1.14E-05
89.7502	1.14E-05
90.0002	1.14E-05
90.2502	7.63E-06
90.5002	3.81E-06
90.7502	7.63E-06
91.0002	7.63E-06
91.2502	7.63E-06
91.5002	7.63E-06
91.7496	7.63E-06
92.0002	3.81E-06
92.2502	3.81E-06
92.5002	7.63E-06
92.7502	7.63E-06
93.0002	1.14E-05
93.2502	3.81E-06
93.5002	1.14E-05
93.7502	7.63E-06
94.0002	7.63E-06
94.2502	7.63E-06
94.5002	1.14E-05
94.7502	3.81E-06
95.0002	7.63E-06
95.2502	7.63E-06
95.5002	7.63E-06
95.7502	7.63E-06
96.0002	3.81E-06
96.2502	3.81E-06
96.5002	7.63E-06
96.7502	0
97.0002	7.63E-06
97.2502	7.63E-06
97.5002	1.14E-05
97.7502	7.63E-06
98.0002	7.63E-06
98.2502	7.63E-06
98.5002	7.63E-06
98.7502	3.81E-06
99.0002	7.63E-06
99.2502	1.14E-05
99.5002	7.63E-06
99.7502	7.63E-06
100	3.81E-06
100.25	7.63E-06
100.5	7.63E-06
100.75	7.63E-06
101	3.81E-06
101.25	7.63E-06
101.5	3.81E-06
101.75	7.63E-06
102	3.81E-06
102.25	7.63E-06
102.5	3.81E-06
102.75	7.63E-06
103	3.81E-06
103.25	3.81E-06
103.5	7.63E-06
103.75	7.63E-06
104	7.63E-06
104.25	7.63E-06
104.5	7.63E-06
104.75	7.63E-06
105	7.63E-06
105.25	1.14E-05
105.5	3.81E-06
105.75	7.63E-06
106	3.81E-06
106.25	3.81E-06
106.5	1.14E-05
106.75	1.14E-05
107	1.14E-05
107.25	7.63E-06
107.5	7.63E-06
107.75	7.63E-06
107.999	1.14E-05
108.249	7.63E-06
108.5	3.81E-06
108.75	1.14E-05
109	1.14E-05
109.25	7.63E-06
109.5	1.14E-05
109.75	7.63E-06
110	1.14E-05
110.25	1.53E-05
110.5	1.14E-05
110.75	1.53E-05
111	1.14E-05
111.25	1.14E-05
111.5	1.14E-05
111.75	1.53E-05
112	1.91E-05
112.249	1.14E-05
112.499	1.14E-05
112.749	1.53E-05
112.999	1.53E-05
113.25	1.14E-05
113.5	1.53E-05
113.75	1.14E-05
114	1.53E-05
114.25	1.53E-05
114.5	1.53E-05
114.75	1.53E-05
115	1.91E-05
115.25	1.53E-05
115.5	1.53E-05
115.75	1.91E-05
116	2.29E-05
116.25	1.91E-05
116.5	1.91E-05
116.75	1.91E-05
117	1.53E-05
117.25	1.91E-05
117.5	1.91E-05
117.75	2.29E-05
118	2.29E-05
118.25	1.91E-05
118.5	2.29E-05
118.75	1.91E-05
119	2.29E-05
119.25	2.29E-05
119.5	2.29E-05
119.75	1.91E-05
120	1.53E-05
120	2.29E-05
-63.9987	4.96E-05
-63.7487	4.58E-05
-63.4987	4.20E-05
-63.2487	4.58E-05
-62.9987	3.43E-05
-62.7487	3.43E-05
-62.4987	3.05E-05
-62.2487	2.67E-05
-61.9987	2.67E-05
-61.7487	2.67E-05
-61.4987	2.29E-05
-61.2487	2.29E-05
-60.9987	2.29E-05
-60.7487	2.29E-05
-60.4987	2.29E-05
-60.2487	2.29E-05
-59.9987	1.91E-05
-59.7487	1.91E-05
-59.4987	1.91E-05
-59.2487	1.91E-05
-58.9987	1.53E-05
-58.7487	1.91E-05
-58.4987	1.53E-05
-58.2487	1.53E-05
-57.9987	1.14E-05
-57.7487	1.14E-05
-57.4987	7.63E-06
-57.2487	1.14E-05
-56.9987	1.14E-05
-56.7487	1.14E-05
-56.4987	1.14E-05
-56.2494	7.63E-06
-55.9987	7.63E-06
-55.7487	1.14E-05
-55.4987	7.63E-06
-55.2487	7.63E-06
-54.9988	7.63E-06
-54.7487	3.81E-06
-54.4988	7.63E-06
-54.2488	7.63E-06
-53.9988	7.63E-06
-53.7488	3.81E-06
-53.4988	7.63E-06
-53.2488	3.81E-06
-52.9988	3.81E-06
-52.7488	7.63E-06
-52.4988	3.81E-06
-52.2488	7.63E-06
-51.9992	7.63E-06
-51.7489	7.63E-06
-51.4988	3.81E-06
-51.2488	3.81E-06
-50.9988	3.81E-06
-50.7488	1.14E-05
-50.4988	7.63E-06
-50.2488	1.14E-05
-49.9988	3.81E-06
-49.7488	7.63E-06
-49.4988	3.81E-06
-49.2488	3.81E-06
-48.9988	3.81E-06
-48.7488	7.63E-06
-48.4989	7.63E-06
-48.249	3.81E-06
-47.9988	3.81E-06
-47.7488	7.63E-06
-47.4988	3.81E-06
-47.2488	3.81E-06
-46.9988	3.81E-06
-46.7488	3.81E-06
-46.4988	7.63E-06
-46.2488	3.81E-06
-45.9988	3.81E-06
-45.7488	3.81E-06
-45.4988	7.63E-06
-45.2488	3.81E-06
-44.9988	7.63E-06
-44.7488	3.81E-06
-44.4988	3.81E-06
-44.2488	7.63E-06
-43.9988	7.63E-06
-43.7488	3.81E-06
-43.4988	3.81E-06
-43.2488	3.81E-06
-42.9988	3.81E-06
-42.7489	3.81E-06
-42.4989	3.81E-06
-42.2489	7.63E-06
-41.9989	7.63E-06
-41.7489	7.63E-06
-41.5003	3.81E-06
-41.2489	3.81E-06
-40.9989	3.81E-06
-40.7489	7.63E-06
-40.4989	1.14E-05
-40.2489	3.81E-06
-39.9989	3.81E-06
-39.7489	7.63E-06
-39.4989	0
-39.2489	7.63E-06
-38.9989	7.63E-06
-38.7489	3.81E-06
-38.4989	7.63E-06
-38.2496	3.81E-06
-37.9997	3.81E-06
-37.7489	7.63E-06
-37.4989	7.63E-06
-37.2489	7.63E-06
-36.9989	1.14E-05
-36.7489	7.63E-06
-36.4989	7.63E-06
-36.2489	1.14E-05
-35.9989	0
-35.7489	7.63E-06
-35.4989	1.14E-05
-35.2491	7.63E-06
-34.9989	1.14E-05
-34.7489	7.63E-06
-34.4989	7.63E-06
-34.2489	7.63E-06
-33.9989	1.14E-05
-33.7489	1.14E-05
-33.4989	3.81E-06
-33.2489	1.14E-05
-32.9989	1.14E-05
-32.7489	1.14E-05
-32.4989	1.14E-05
-32.2489	1.14E-05
-31.9989	1.14E-05
-31.7489	1.14E-05
-31.4989	7.63E-06
-31.2489	7.63E-06
-30.9989	1.14E-05
-30.749	1.14E-05
-30.499	1.14E-05
-30.2491	1.14E-05
-29.9991	1.14E-05
-29.7492	1.14E-05
-29.499	1.14E-05
-29.2489	1.14E-05
-28.999	1.14E-05
-28.749	1.14E-05
-28.499	1.14E-05
-28.249	1.14E-05
-27.999	7.63E-06
-27.749	1.14E-05
-27.499	1.14E-05
-27.249	7.63E-06
-26.999	7.63E-06
-26.749	7.63E-06
-26.499	1.14E-05
-26.249	1.14E-05
-25.999	1.14E-05
-25.749	1.14E-05
-25.499	7.63E-06
-25.2491	1.14E-05
-24.999	7.63E-06
-24.749	7.63E-06
-24.4991	7.63E-06
-24.249	1.53E-05
-23.999	7.63E-06
-23.749	7.63E-06
-23.499	7.63E-06
-23.249	7.63E-06
-22.999	1.14E-05
-22.749	1.14E-05
-22.499	1.14E-05
-22.249	7.63E-06
-21.999	1.14E-05
-21.749	7.63E-06
-21.499	7.63E-06
-21.249	7.63E-06
-20.999	1.14E-05
-20.749	1.14E-05
-20.499	1.14E-05
-20.249	1.14E-05
-19.999	1.14E-05
-19.749	1.14E-05
-19.499	1.14E-05
-19.249	1.14E-05
-18.999	1.53E-05
-18.749	1.14E-05
-18.499	1.53E-05
-18.249	1.14E-05
-17.999	1.14E-05
-17.749	1.53E-05
-17.4991	1.14E-05
-17.249	1.14E-05
-16.9991	1.14E-05
-16.749	7.63E-06
-16.4991	1.14E-05
-16.2491	1.14E-05
-15.9991	1.14E-05
-15.7491	1.14E-05
-15.4991	1.14E-05
-15.2491	1.14E-05
-14.9991	1.14E-05
-14.7491	1.14E-05
-14.4991	1.14E-05
-14.2491	1.14E-05
-13.9991	1.14E-05
-13.7491	1.14E-05
-13.4991	1.14E-05
-13.2495	1.14E-05
-12.9992	1.14E-05
-12.7497	1.14E-05
-12.4998	1.53E-05
-12.2491	1.53E-05
-11.9991	1.14E-05
-11.7491	1.14E-05
-11.4991	1.14E-05
-11.2491	1.14E-05
-10.9991	1.14E-05
-10.7491	1.14E-05
-10.4991	1.14E-05
-10.2491	1.53E-05
-9.9991	1.53E-05
-9.74911	7.63E-06
-9.49911	1.14E-05
-9.24911	1.53E-05
-8.99911	1.53E-05
-8.74911	1.14E-05
-8.49912	1.14E-05
-8.24911	1.14E-05
-7.99912	1.14E-05
-7.74915	1.14E-05
-7.49912	1.14E-05
-7.24913	1.53E-05
-6.99913	7.63E-06
-6.74913	7.63E-06
-6.49913	7.63E-06
-6.24914	1.14E-05
-5.99913	1.14E-05
-5.74914	1.14E-05
-5.49914	1.14E-05
-5.24914	1.14E-05
-4.99915	1.14E-05
-4.74993	1.14E-05
-4.49915	1.14E-05
-4.24915	7.63E-06
-3.99915	1.14E-05
-3.74915	1.14E-05
-3.49915	1.14E-05
-3.24916	1.53E-05
-2.99916	1.53E-05
-2.74917	1.14E-05
-2.49945	1.14E-05
-2.24917	1.14E-05
-1.99916	1.14E-05
-1.74918	1.53E-05
-1.49917	1.14E-05
-1.24918	1.53E-05
-0.999176	1.14E-05
-0.749176	1.14E-05
-0.499184	1.53E-05
-0.249176	1.14E-05
0.000816345	1.53E-05
0.250816	1.53E-05
0.500809	7.63E-06
0.750816	1.53E-05
1.00081	1.14E-05
1.2508	1.14E-05
1.50081	1.53E-05
1.7508	1.53E-05
2.0008	1.53E-05
2.2508	1.53E-05
2.5008	1.53E-05
2.75079	1.53E-05
3.00079	1.14E-05
3.25079	1.53E-05
3.50079	1.53E-05
3.75079	1.91E-05
4.00079	1.53E-05
4.25079	1.53E-05
4.50078	1.14E-05
4.75079	1.53E-05
5.00078	1.91E-05
5.25077	1.53E-05
5.50078	1.91E-05
5.75077	1.53E-05
6.00077	1.53E-05
6.25076	1.91E-05
6.50077	1.53E-05
6.75076	1.91E-05
7.00077	1.53E-05
7.25076	1.53E-05
7.50076	1.53E-05
7.75076	1.53E-05
8.00076	1.91E-05
8.25076	1.91E-05
8.50075	1.91E-05
8.75072	1.53E-05
9.00075	1.53E-05
9.25074	1.53E-05
9.50075	1.91E-05
9.75074	1.53E-05
10.0007	1.91E-05
10.2507	1.91E-05
10.5007	1.91E-05
10.7507	1.53E-05
11.0007	1.91E-05
11.2507	2.29E-05
11.5007	1.53E-05
11.7507	1.91E-05
12.0007	1.53E-05
12.2507	1.91E-05
12.5007	1.91E-05
12.7507	1.53E-05
13.0007	1.91E-05
13.2507	1.91E-05
13.5007	1.53E-05
13.7507	1.53E-05
14.0007	1.91E-05
14.2506	1.91E-05
14.5007	1.91E-05
14.7507	2.29E-05
15.0007	1.53E-05
15.2507	2.29E-05
15.5007	1.91E-05
15.7507	1.91E-05
16.0007	1.91E-05
16.2507	1.53E-05
16.5007	1.91E-05
16.7507	1.91E-05
17.0007	2.29E-05
17.2507	1.91E-05
17.5007	2.29E-05
17.7507	1.91E-05
18.0007	1.91E-05
18.2507	1.53E-05
18.5007	2.29E-05
18.7507	1.91E-05
19.0007	1.91E-05
19.2507	1.91E-05
19.5007	1.91E-05
19.7507	2.29E-05
20.0006	1.91E-05
20.2507	2.29E-05
20.5007	1.91E-05
20.7507	1.91E-05
21.0006	2.29E-05
21.2506	1.91E-05
21.5006	2.29E-05
21.7506	1.91E-05
22.0006	1.91E-05
22.2506	1.91E-05
22.5006	1.91E-05
22.7506	1.91E-05
23.0006	2.29E-05
23.2506	1.91E-05
23.5006	1.91E-05
23.7506	1.91E-05
24.0006	1.91E-05
24.2506	1.91E-05
24.5006	1.91E-05
24.7506	1.91E-05
25.0006	2.29E-05
25.2506	1.91E-05
25.5006	1.91E-05
25.7506	2.29E-05
26.0006	1.91E-05
26.2506	1.91E-05
26.5006	1.53E-05
26.7506	1.91E-05
27.0006	1.91E-05
27.2506	1.91E-05
27.4987	1.91E-05
27.7506	2.29E-05
28.0006	1.91E-05
28.2506	2.29E-05
28.5006	1.91E-05
28.7506	2.29E-05
29.0006	2.29E-05
29.2506	2.29E-05
29.5006	2.29E-05
29.7506	1.91E-05
30.0006	2.29E-05
30.2506	2.29E-05
30.5006	1.91E-05
30.7506	1.91E-05
31.0006	1.91E-05
31.2506	1.91E-05
31.5006	1.91E-05
31.7506	2.29E-05
32.0006	1.91E-05
32.2506	1.91E-05
32.5006	1.91E-05
32.7506	1.91E-05
33.0006	1.91E-05
33.2506	2.29E-05
33.5006	1.91E-05
33.7506	1.53E-05
34.0005	1.53E-05
34.2505	1.91E-05
34.5005	1.91E-05
34.7505	1.91E-05
35.0005	1.53E-05
35.2505	1.91E-05
35.5005	1.53E-05
35.7505	1.53E-05
36.0005	1.14E-05
36.2505	1.14E-05
36.5005	1.53E-05
36.7505	1.53E-05
37.0005	1.53E-05
37.2505	1.14E-05
37.5005	1.14E-05
37.7505	1.53E-05
38.0005	1.53E-05
38.2505	1.53E-05
38.5005	1.53E-05
38.7505	1.91E-05
39.0005	1.91E-05
39.2505	1.91E-05
39.5005	1.91E-05
39.7505	1.91E-05
40.0005	1.53E-05
40.2505	1.91E-05
40.5005	1.91E-05
40.7505	1.91E-05
41.0005	1.91E-05
41.2505	1.91E-05
41.5005	2.29E-05
41.7505	1.91E-05
42.0005	2.29E-05
42.2505	2.29E-05
42.5005	2.29E-05
42.7505	2.29E-05
43.0005	2.29E-05
43.2505	2.29E-05
43.5003	2.29E-05
43.7505	2.29E-05
44.0005	2.29E-05
44.2505	2.29E-05
44.5005	2.67E-05
44.7505	2.29E-05
45.0005	2.67E-05
45.2505	3.05E-05
45.5005	3.05E-05
45.7505	3.05E-05
46.0005	3.05E-05
46.2505	3.43E-05
46.5005	3.43E-05
46.7505	3.81E-05
47.0005	4.20E-05
47.2505	4.58E-05
47.5	4.96E-05
47.7504	4.96E-05
48.0004	4.96E-05
48.2504	4.96E-05
48.5004	5.72E-05
48.7504	5.72E-05
49.0004	6.10E-05
49.2504	6.87E-05
49.5004	7.63E-05
49.7504	7.25E-05
50.0004	7.63E-05
50.2504	8.39E-05
50.5004	8.39E-05
50.7504	9.54E-05
51.0004	9.92E-05
51.2504	0.000102997
51.5004	0.000110627
51.7504	0.000118256
52.0004	0.000129701
52.2504	0.000133515
52.5004	0.000152589
52.7504	0.000160218
53.0004	0.000167848
53.2504	0.000179292
53.5004	0.000183106
53.7504	0.000198365
54.0004	0.000209809
54.2504	0.000236512
54.5004	0.000263216
54.7504	0.000282289
55.0004	0.000305178
55.2504	0.000328066
55.5004	0.000354769
55.7504	0.000385286
56.0004	0.000419619
56.2504	0.00046921
56.5004	0.000499729
56.7504	0.00054932
57.0004	0.000595096
57.2504	0.000637058
57.5004	0.000675205
57.7504	0.000724796
58.0004	0.000804905
58.2504	0.000888828
58.5004	0.000972752
58.7504	0.00102616
59.0004	0.00109864
59.2504	0.00117493
59.5004	0.00125886
59.7504	0.0013733
60.0004	0.0014763
60.2503	0.00152207
60.5003	0.00158311
60.7503	0.00165559
61.0003	0.00175477
61.2503	0.00181962
61.5003	0.00194932
61.7503	0.00207902
62.0003	0.00224306
62.2503	0.00233842
62.5003	0.00239183
62.7503	0.00239946
62.9985	0.00243761
63.2503	0.00253297
63.5003	0.00262071
63.7503	0.00268556
64.0003	0.00272371
64.2503	0.00283815
64.5003	0.00288774
64.7503	0.00295641
65.0003	0.00297548
65.2503	0.00304414
65.5003	0.00312044
65.7497	0.00324632
66.0003	0.00333025
66.2503	0.0033951
66.5003	0.00338365
66.7503	0.00334169
67.0003	0.00332643
67.2503	0.00333406
67.5003	0.00339128
67.7503	0.00341417
68.0003	0.00347902
68.2503	0.00349046
68.5003	0.00354005
68.7503	0.00366212
69.0003	0.00370027
69.2503	0.00368883
69.5003	0.00371553
69.7503	0.00372316
70.0003	0.00379564
70.2503	0.00378038
70.5003	0.00378801
70.7503	0.00371553
71.0003	0.00374223
71.2503	0.00364687
71.5003	0.0035515
71.7503	0.0034218
72.0003	0.00343706
72.2503	0.00352098
72.5003	0.00358965
72.7503	0.00363542
73.0002	0.00356294
73.2502	0.00347139
73.5002	0.00339128
73.7502	0.00336076
74.0002	0.00335313
74.2502	0.00327303
74.5002	0.00324632
74.7502	0.00318529
75.0002	0.00306703
75.2502	0.00300981
75.5002	0.00294878
75.7502	0.00298311
76.0002	0.00294878
76.2502	0.00292207
76.5002	0.00292207
76.7502	0.00289918
77.0002	0.00283433
77.2502	0.0026703
77.5002	0.00257494
77.7502	0.00248338
78.0002	0.00242998
78.2502	0.00237657
78.5002	0.0023575
78.7502	0.00238039
79.0002	0.00231172
79.2502	0.00218584
79.5002	0.00205995
79.7502	0.00197221
80.0002	0.00190354
80.2502	0.00193024
80.5002	0.00191499
80.7502	0.00184251
81.0002	0.00172044
81.2502	0.00162888
81.5002	0.00159074
81.7502	0.00154877
82.0002	0.00144196
82.2502	0.00135804
82.5002	0.00128938
82.7502	0.0012703
83.0002	0.00120545
83.2502	0.00111771
83.5002	0.00100327
83.7502	0.000816349
84.0002	0.000526432
84.2502	0.000240327
84.5002	8.39E-05
84.7502	4.20E-05
85.0002	2.29E-05
85.2502	2.29E-05
85.5002	1.91E-05
85.7502	1.91E-05
86.0001	1.53E-05
86.2501	2.29E-05
86.5001	2.29E-05
86.7501	2.29E-05
87.0001	2.29E-05
87.2501	2.29E-05
87.5001	2.29E-05
87.7501	2.29E-05
88.0001	2.29E-05
88.2501	2.67E-05
88.5001	2.29E-05
88.7501	2.29E-05
89.0001	2.67E-05
89.2501	2.29E-05
89.5001	1.91E-05
89.7501	1.53E-05
90.0001	1.14E-05
90.2501	1.14E-05
90.5001	7.63E-06
90.7501	1.14E-05
91.0001	1.14E-05
91.2501	7.63E-06
91.5001	7.63E-06
91.7501	1.14E-05
92.0001	7.63E-06
92.2501	1.14E-05
92.5001	1.14E-05
92.7501	7.63E-06
93.0001	7.63E-06
93.2501	1.14E-05
93.5001	1.14E-05
93.7501	1.14E-05
94.0001	1.53E-05
94.2501	1.91E-05
94.5001	1.53E-05
94.7501	1.91E-05
95.0001	2.29E-05
95.2501	2.29E-05
95.5001	2.29E-05
95.7501	2.29E-05
96.0001	2.29E-05
96.2501	2.67E-05
96.5001	2.29E-05
96.7501	3.05E-05
97.0001	3.43E-05
97.2501	3.43E-05
97.5001	3.43E-05
97.7501	2.67E-05
98.0001	2.29E-05
98.2501	1.53E-05
98.5001	3.81E-06
98.7496	7.63E-06
99	7.63E-06
99.25	1.53E-05
99.5	1.14E-05
99.75	1.53E-05
100	1.14E-05
100.25	1.14E-05
100.5	1.14E-05
100.75	1.14E-05
101	1.14E-05
101.25	1.53E-05
101.5	1.53E-05
101.75	1.53E-05
102	1.91E-05
102.25	1.14E-05
102.5	2.29E-05
102.75	1.91E-05
103	1.91E-05
103.25	1.91E-05
103.5	1.53E-05
103.75	1.91E-05
104	1.53E-05
104.25	1.53E-05
104.5	1.53E-05
104.75	1.91E-05
105	2.29E-05
105	1.53E-05
