"angle relative to rotation stage (degrees) (0 is max with no sample, 180 would block laser beam) - Plot 0"	Lock-in Signal Amplitude (V) - Plot 0
104.999	0.000374796
104.749	0.000375273
104.499	0.000372889
104.249	0.000375273
103.999	0.000373842
103.749	0.000379564
103.499	0.000376703
103.249	0.000378611
102.999	0.000376226
102.749	0.000376226
102.499	0.00037718
102.249	0.00037718
101.999	0.000377657
101.749	0.000374319
101.499	0.000376703
101.249	0.000378611
100.999	0.000372889
100.749	0.00037575
100.499	0.000376226
100.249	0.000378134
99.9994	0.000375273
99.7494	0.000379564
99.4994	0.00037718
99.2494	0.00037718
98.9994	0.000372412
98.7494	0.000376226
98.4994	0.000376703
98.2494	0.00037718
97.9994	0.000373842
97.7494	0.000372412
97.4994	0.000376703
97.2494	0.000372889
96.9994	0.000372889
96.7494	0.000373842
96.4994	0.000375273
96.2494	0.000376226
95.9994	0.00037718
95.7494	0.000379564
95.4994	0.00037718
95.2494	0.000374796
94.9994	0.000376226
94.7494	0.00037718
94.4994	0.00037718
94.2494	0.000376703
93.9994	0.000375273
93.7494	0.000379087
93.4994	0.000376226
93.2494	0.000376226
92.9994	0.000379087
92.7494	0.000373842
92.4994	0.000371458
92.2494	0.000375273
91.9994	0.000376226
91.7495	0.000376703
91.4994	0.000374796
91.2495	0.00037575
90.9995	0.000374319
90.7495	0.000372412
90.4995	0.000371458
90.2495	0.000377657
89.9995	0.000373365
89.7495	0.000373365
89.4995	0.000371935
89.2495	0.000369551
88.9995	0.000371935
88.7495	0.000370027
88.4995	0.000370027
88.2495	0.000370504
87.9995	0.000367643
87.7495	0.000368597
87.4995	0.000369551
87.2495	0.000369551
86.9995	0.00036669
86.7495	0.000368597
86.4995	0.000371458
86.2495	0.00036669
85.9995	0.000371935
85.7495	0.000368597
85.4995	0.000370027
85.2495	0.000370504
84.9995	0.000366213
84.7495	0.000368597
84.4995	0.000365736
84.2495	0.00036669
83.9995	0.000370027
83.7495	0.00036669
83.4995	0.000367643
83.2495	0.000370504
82.9995	0.000369074
82.7495	0.000369074
82.4995	0.000371935
82.2495	0.000367643
81.9995	0.000369551
81.7495	0.000370504
81.4995	0.000369551
81.2495	0.000367643
80.9995	0.000371935
80.7495	0.00036812
80.4995	0.000369551
80.2495	0.000369551
79.9995	0.000371935
79.7515	0.000365736
79.5014	0.000371935
79.2495	0.000368597
78.9995	0.000366213
78.7495	0.000361921
78.4995	0.000362398
78.2495	0.000363829
77.9995	0.000360491
77.7495	0.000360968
77.4996	0.000361921
77.2496	0.000362875
76.9996	0.000362875
76.7496	0.000361921
76.4996	0.000360014
76.2496	0.000360491
75.9996	0.000364305
75.7496	0.000358107
75.4996	0.000364305
75.2496	0.000359537
74.9996	0.000356676
74.7496	0.000359537
74.4996	0.000359537
74.2496	0.000359537
73.9996	0.00035906
73.7496	0.000359537
73.4996	0.000360014
73.2496	0.000355722
72.9996	0.000357153
72.7496	0.000352861
72.4996	0.000358583
72.2496	0.00035763
71.9996	0.000353338
71.7496	0.000356676
71.4996	0.000354292
71.2496	0.000355246
70.9996	0.000351908
70.7496	0.000352861
70.4996	0.00035
70.2496	0.000350477
69.9996	0.00034857
69.7496	0.00034857
69.4996	0.000351908
69.2496	0.000352385
68.9996	0.000350954
68.7496	0.00034857
68.4996	0.000351908
68.2496	0.000351908
67.9996	0.000350954
67.7496	0.000350954
67.4996	0.000349047
67.2496	0.000347139
66.9996	0.000347616
66.7496	0.000347139
66.5011	0.00034857
66.2496	0.000345709
65.9996	0.000353815
65.7496	0.00034857
65.4996	0.000351431
65.2496	0.000351908
64.9997	0.000350954
64.7497	0.000353815
64.4997	0.000355246
64.2497	0.000349523
63.9997	0.000349523
63.7497	0.000349523
63.4997	0.000354769
63.2497	0.000354292
62.9997	0.000352861
62.7497	0.000356199
62.4997	0.000356199
62.2497	0.000355246
61.9997	0.000355722
61.7497	0.000356199
61.4997	0.000356199
61.2497	0.000358107
60.9997	0.000358583
60.7497	0.00035763
60.4997	0.000355722
60.2497	0.000355246
59.9997	0.000359537
59.7497	0.000360014
59.4997	0.000360968
59.2497	0.000358583
58.9997	0.000361921
58.7497	0.000368597
58.4997	0.000369074
58.2497	0.000368597
57.9997	0.000371458
57.7497	0.00037575
57.4997	0.000379564
57.2497	0.000383379
56.9997	0.000390531
56.7497	0.000392916
56.4997	0.000393393
56.2497	0.000398638
55.9997	0.000401022
55.7497	0.000407221
55.4997	0.000407221
55.2497	0.000414373
54.9997	0.000420572
54.7497	0.000428202
54.4997	0.000432016
54.2497	0.000433924
53.9997	0.000437262
53.7497	0.00044203
53.4997	0.000444891
53.2497	0.000454905
52.9997	0.000467779
52.7497	0.000477316
52.4998	0.000485422
52.2498	0.000494484
51.9998	0.000514511
51.7498	0.000526909
51.4998	0.000541214
51.2498	0.000551227
50.9998	0.000564579
50.7498	0.000579361
50.4998	0.000594143
50.2498	0.000600819
49.9998	0.000607971
49.7498	0.000629906
49.4998	0.000648502
49.2498	0.000665668
48.9998	0.000688557
48.7498	0.0007062
48.4998	0.000726704
48.2498	0.000740532
47.9998	0.00077391
47.75	0.000788216
47.5001	0.000823501
47.2498	0.000863079
46.9998	0.000890259
46.7498	0.000909332
46.4998	0.000954155
46.2498	0.000989921
45.9998	0.0010295
45.7498	0.00107194
45.4998	0.00111342
45.2498	0.0011468
44.9998	0.00119353
44.7498	0.00124169
44.4998	0.00128651
44.2498	0.00131989
43.9998	0.00136758
43.7498	0.00141192
43.4998	0.00147963
43.2498	0.00152684
42.9998	0.00159789
42.7498	0.00162793
42.4998	0.00166369
42.2498	0.00170851
41.9998	0.00178099
41.7498	0.00191069
41.4998	0.00200559
41.2498	0.00210525
40.9998	0.00217964
40.7499	0.00224449
40.4998	0.00225307
40.2498	0.00231172
39.9998	0.00241853
39.7499	0.00250532
39.4999	0.0025778
39.2499	0.00269653
38.9999	0.00280906
38.7499	0.00285055
38.4999	0.0029216
38.2499	0.00299789
37.9999	0.0032263
37.7499	0.00332786
37.4999	0.00343086
37.2499	0.00348236
36.9999	0.0035596
36.7499	0.0036359
36.4999	0.00371315
36.2499	0.00377943
35.9999	0.00384714
35.7499	0.0038643
35.4999	0.0039015
35.2499	0.00402501
34.9999	0.00417903
34.7499	0.00436118
34.4999	0.00450662
34.2499	0.00469211
33.9999	0.00485519
33.7499	0.00495246
33.4999	0.00489524
33.25	0.00495103
32.9999	0.00490335
32.7502	0.00487998
32.4999	0.00497726
32.2499	0.00508693
31.9999	0.00514129
31.7499	0.00504497
31.5001	0.00507739
31.2499	0.00516322
30.9999	0.00516894
30.7499	0.00513366
30.4999	0.00505546
30.2499	0.0051389
29.9999	0.00510123
29.7499	0.00508502
29.4999	0.00505546
29.2499	0.00506976
28.9999	0.0052028
28.7499	0.00506929
28.4999	0.00503877
28.2499	0.00501588
27.9999	0.00534013
27.7499	0.00552991
27.4999	0.00549176
27.2499	0.00531295
27	0.00507501
26.75	0.00493625
26.5	0.00469592
26.25	0.00471738
26	0.00476602
25.75	0.00476936
25.5	0.00450423
25.25	0.00418165
25	0.0040386
24.75	0.00409701
24.5	0.00415447
24.25	0.00398067
24	0.00379755
23.75	0.00371172
23.5	0.00381543
23.25	0.00371672
23	0.00353409
22.75	0.00338842
22.5	0.00336529
22.25	0.003253
22	0.00308777
21.75	0.00307776
21.5	0.00301792
21.25	0.00295927
21	0.00282456
20.75	0.00259258
20.5	0.00195839
20.25	0.00121988
20	0.000585917
20	0.000276567
20	0.000151874
134.999	0.000461521
134.749	0.000464024
134.499	0.000460209
134.249	0.000464382
133.999	0.00046307
133.749	0.000459494
133.499	0.0004586
133.249	0.000456275
132.999	0.000455858
132.749	0.000453057
132.499	0.00045556
132.249	0.000451149
131.999	0.000453057
131.749	0.000454487
131.499	0.000455381
131.249	0.000460567
130.999	0.000456335
130.75	0.000457229
130.5	0.000453951
130.249	0.000455381
129.999	0.00045562
129.749	0.000454845
129.499	0.000450851
129.249	0.000450375
128.999	0.000451865
128.749	0.000453116
128.499	0.000455918
128.249	0.000449421
127.999	0.000454547
127.749	0.000451865
127.499	0.000457587
127.249	0.00045556
126.999	0.000456454
126.749	0.000458958
126.499	0.000456395
126.249	0.000459136
125.999	0.000455203
125.75	0.000456633
125.499	0.000452043
125.251	0.000448229
125.001	0.000449182
124.749	0.000446023
124.499	0.000445904
124.249	0.000447335
123.999	0.000447514
123.749	0.000443997
123.499	0.000444414
123.249	0.00044799
122.999	0.000451388
122.749	0.00045252
122.499	0.000453355
122.249	0.000451388
121.999	0.000449719
121.749	0.00045252
121.499	0.000453712
121.249	0.000452103
121	0.000448527
120.749	0.000452282
120.499	0.000449123
120.249	0.000444891
119.999	0.000444116
119.749	0.000444593
119.499	0.000442388
119.249	0.000446739
118.999	0.000446262
118.749	0.00044948
118.499	0.000444474
118.249	0.00044805
117.999	0.000450971
117.749	0.000450136
117.499	0.000451388
117.249	0.000451447
116.999	0.000456097
116.749	0.000453772
116.499	0.000452938
116.249	0.000452222
115.999	0.000444474
115.749	0.00044352
115.499	0.000443818
115.249	0.000444116
114.999	0.000442805
114.749	0.000444474
114.499	0.000447514
114.249	0.00044799
114	0.000450851
113.749	0.000456037
113.5	0.000451686
113.25	0.000457944
113	0.000454606
112.75	0.000455024
112.5	0.000451507
112.25	0.00045103
112	0.000448467
111.75	0.000446321
111.5	0.000450792
111.25	0.000449361
111	0.000455083
110.75	0.000452997
110.5	0.000455262
110.25	0.000456454
110	0.00045407
109.75	0.000453236
109.5	0.000460627
109.25	0.000456633
109.001	0.000460746
108.75	0.000462415
108.5	0.000466289
108.25	0.000466885
108	0.000467541
107.75	0.000467302
107.5	0.00047523
107.25	0.000479044
107	0.000483634
106.75	0.000483098
106.5	0.000481071
106.25	0.000476422
106	0.000477554
105.75	0.000475349
105.5	0.000478329
105.25	0.000487091
105	0.000488821
104.75	0.000498597
104.5	0.000496987
104.25	0.00050265
104	0.000503365
103.75	0.000505213
103.5	0.000510637
103.25	0.000510935
103	0.000519816
102.75	0.000518385
102.5	0.000518266
102.25	0.000517432
102	0.000522081
101.75	0.000526611
101.5	0.000533108
101.25	0.000537578
101	0.000543121
100.75	0.00055379
100.5	0.000556711
100.25	0.000555757
99.9996	0.000559334
99.7496	0.000564281
99.4996	0.0005734
99.2496	0.000576798
98.9996	0.000576917
98.7496	0.000577275
98.4996	0.00057793
98.2496	0.000586096
97.9996	0.000592116
97.7496	0.000589613
97.4996	0.000587884
97.2496	0.000592533
96.9996	0.000590567
96.7496	0.000591818
96.4996	0.000598613
96.2496	0.000607196
95.9996	0.000616912
95.7496	0.000621978
95.4996	0.000625972
95.2496	0.000622395
94.9996	0.000623707
94.7496	0.000612561
94.4996	0.000614408
94.2496	0.00061119
93.9997	0.000607792
93.7497	0.000608686
93.4997	0.000599805
93.2497	0.000598256
92.9997	0.000594381
92.7504	0.000598077
92.5004	0.000598315
92.2497	0.000604454
92.0004	0.000611249
91.7497	0.000610832
91.4997	0.00061411
91.2497	0.000604812
90.9997	0.000599924
90.7497	0.000592832
90.4997	0.000593785
90.2497	0.000584844
89.9997	0.000590269
89.7497	0.000589374
89.4997	0.000582997
89.2497	0.000575129
88.9997	0.000566844
88.7497	0.000557665
88.4997	0.000548963
88.2497	0.000529949
87.9997	0.000523631
87.7497	0.000515345
87.4997	0.000523392
87.2497	0.000524644
86.9997	0.0005343
86.7497	0.000533644
86.4997	0.000528459
86.2497	0.000523333
85.9997	0.000514928
85.7497	0.000509623
85.4997	0.000505213
85.2497	0.000497166
84.9997	0.000492398
84.7497	0.000484528
84.4997	0.000471355
84.2497	0.000465276
83.9997	0.00045413
83.7497	0.000456633
83.4997	0.000454785
83.2497	0.00045264
82.9997	0.000456037
82.7497	0.000450613
82.4997	0.000442149
82.2497	0.000435712
81.9997	0.000427725
81.7497	0.000419678
81.4997	0.000415387
81.2498	0.000413598
80.9998	0.000409903
80.7498	0.000403645
80.4998	0.000399055
80.2498	0.0003922
79.9998	0.000388326
79.7498	0.000378491
79.4998	0.000378968
79.2498	0.000379326
78.9998	0.000380101
78.7498	0.000370564
78.4998	0.000357928
78.2498	0.000344994
77.9998	0.000333609
77.7498	0.000328841
77.4998	0.00033051
77.2498	0.000329973
76.9998	0.000333013
76.7498	0.000331642
76.4998	0.000329258
76.2498	0.000322999
75.9998	0.000321629
75.7498	0.000313999
75.4998	0.000312271
75.2498	0.000310661
74.9998	0.000300827
74.7498	0.000294091
74.4998	0.000287415
74.2498	0.000285508
73.9998	0.000287713
73.7498	0.000292184
73.4998	0.00029272
73.2498	0.000285806
72.9998	0.000276031
72.7498	0.000268044
72.4998	0.000268759
72.2498	0.000266911
71.9998	0.000266494
71.7498	0.000258448
71.4998	0.000255229
71.2498	0.000250103
70.9998	0.000249507
70.7498	0.000244739
70.4998	0.000237406
70.2498	0.000234247
69.9998	0.000225128
69.7498	0.000224532
69.4998	0.000220777
69.2498	0.000222386
69.0005	0.000221492
68.7502	0.00022018
68.4999	0.0002172
68.2499	0.000214876
67.9999	0.000207425
67.7499	0.000207723
67.4999	0.000209034
67.2499	0.000205935
66.9999	0.00020218
66.7499	0.000189544
66.4999	0.00018412
66.2499	0.000183404
65.9999	0.000184
65.7499	0.000182272
65.4999	0.000183583
65.2499	0.000181914
64.9999	0.000183524
64.7499	0.000176431
64.4999	0.000176848
64.2499	0.000171603
63.9999	0.000169755
63.7499	0.000165821
63.4999	0.000162602
63.2499	0.000159861
62.9999	0.000156463
62.7499	0.000157178
62.4999	0.000154854
62.2499	0.000149191
61.9999	0.000147522
61.7502	0.000145853
61.4999	0.000146807
61.2499	0.000146986
60.9999	0.000142277
60.7499	0.000137509
60.4999	0.000131489
60.2499	0.000124157
59.9999	0.00012523
59.7499	0.000122786
59.4999	0.000119389
59.2499	0.000112355
58.9999	0.000109554
58.7499	0.000112355
58.4999	0.000119925
58.2499	0.000117302
57.9999	0.000112057
57.7499	0.00010258
57.4999	0.000101328
57.2499	0.000103593
56.9999	9.92E-05
56.7499	9.90E-05
56.4999	9.51E-05
56.2499	9.53E-05
56	9.17E-05
55.7508	8.58E-05
55.5	7.74E-05
55.25	8.27E-05
55	8.15E-05
54.75	8.16E-05
54.5	8.31E-05
54.25	7.83E-05
54	7.27E-05
53.75	6.87E-05
53.5	6.79E-05
53.25	6.62E-05
53	6.22E-05
52.75	6.26E-05
52.5005	5.92E-05
52.25	5.63E-05
52.001	5.37E-05
51.7508	5.23E-05
51.5	5.07E-05
51.2513	5.05E-05
51	4.08E-05
50.75	2.88E-05
50.5	2.12E-05
50.25	2.04E-05
50	2.41E-05
50	2.43E-05
50	2.18E-05
119.999	0.000429632
119.749	0.000430586
119.499	0.000432255
119.249	0.000428321
118.999	0.000433328
118.749	0.000433924
118.499	0.000433208
118.249	0.000433924
117.999	0.000435712
117.749	0.00043595
117.499	0.000436308
117.249	0.000437858
116.999	0.000438334
116.749	0.000437619
116.499	0.000435593
116.249	0.000433685
115.999	0.00043297
115.749	0.000432136
115.499	0.000428917
115.249	0.000433566
114.999	0.000430228
114.749	0.000432493
114.5	0.000435473
114.25	0.000435354
114.001	0.000434997
113.749	0.000436546
113.499	0.000434639
113.249	0.00043595
112.999	0.000434281
112.749	0.000431659
112.499	0.000433447
112.249	0.000432374
111.999	0.000431301
111.749	0.000429394
111.499	0.000428082
111.249	0.000429513
110.999	0.000429751
110.749	0.000430109
110.5	0.000433328
110.249	0.000429513
110.001	0.000431301
109.749	0.00042844
109.499	0.000427963
109.249	0.000427367
108.999	0.000429275
108.749	0.000428917
108.499	0.000427844
108.249	0.000427606
107.999	0.000429871
107.749	0.000432732
107.499	0.000431539
107.249	0.000429036
106.999	0.000430228
106.75	0.000427486
106.499	0.000427129
106.249	0.000427963
105.999	0.000427129
105.749	0.000422956
105.499	0.000424149
105.249	0.000423076
104.999	0.000425221
104.749	0.000425102
104.499	0.00042701
104.249	0.000424745
103.999	0.000425817
103.749	0.000423076
103.5	0.000426056
103.25	0.000422956
103	0.000420572
102.749	0.000421168
102.499	0.000420811
102.249	0.000421287
101.999	0.000421407
101.749	0.000418069
101.499	0.000421287
101.249	0.000422837
100.999	0.000420691
100.749	0.000418903
100.499	0.000420334
100.249	0.00041938
99.9995	0.000419857
99.7495	0.000416281
99.4995	0.000415685
99.2495	0.000416758
98.9995	0.000415565
98.7495	0.000415208
98.4995	0.000413658
98.2495	0.000414373
97.9995	0.000416281
97.7495	0.000414969
97.4995	0.000410201
97.2495	0.000411393
96.9995	0.000414969
96.7495	0.000409367
96.4995	0.000412943
96.2495	0.000408651
95.9995	0.00041342
95.7495	0.000418069
95.4995	0.000415446
95.2495	0.000414016
94.9995	0.000414493
94.7495	0.000412228
94.4995	0.000410916
94.2495	0.00041342
93.9995	0.00040889
93.7495	0.000409486
93.4995	0.000406625
93.2496	0.00040889
92.9996	0.000409486
92.7496	0.000409367
92.4996	0.000409128
92.2496	0.000406506
91.9996	0.000411155
91.7496	0.000409724
91.4996	0.000410201
91.2496	0.000409128
91.0009	0.000404002
90.7496	0.000407578
90.4996	0.00040436
90.2496	0.00040281
89.9996	0.000405194
89.7496	0.000409009
89.4996	0.000405552
89.2496	0.000405433
88.9996	0.000403168
88.7496	0.000404837
88.4996	0.000401856
88.2496	0.000399711
87.9996	0.000397922
87.7496	0.000400426
87.4996	0.000400068
87.2496	0.000402691
86.9996	0.000401976
86.7496	0.000404241
86.4996	0.000406148
86.2496	0.000402691
85.9996	0.000407817
85.7496	0.000403883
85.4996	0.00040281
85.2496	0.000406506
84.9996	0.000402333
84.7496	0.000404241
84.4996	0.000405313
84.2496	0.000404241
83.9996	0.000408174
83.7496	0.000409724
83.4996	0.000414612
83.2496	0.000416161
82.9996	0.000418903
82.7496	0.000416042
82.4996	0.000415685
82.2496	0.000417592
81.9996	0.000419857
81.7496	0.000420691
81.4996	0.000420811
81.2496	0.000424745
80.9996	0.000426175
80.7496	0.000429394
80.4996	0.00043142
80.2497	0.000430467
79.9997	0.000438334
79.7497	0.000443103
79.4997	0.000448586
79.2497	0.000450613
78.9997	0.000448348
78.7497	0.000442149
78.4997	0.000444295
78.2497	0.000442745
77.9997	0.000444176
77.7497	0.000447633
77.4997	0.000452401
77.2498	0.000460031
77	0.000463964
76.7503	0.000473263
76.4997	0.000481131
76.2497	0.000490669
75.9997	0.000496153
75.7497	0.000498537
75.4997	0.000505928
75.2497	0.000503425
74.9997	0.000507358
74.7497	0.000505093
74.4997	0.000513081
74.2497	0.000526432
73.9997	0.000539664
73.7497	0.00055683
73.4997	0.000566844
73.2497	0.000569824
72.9997	0.000575785
72.7497	0.000588778
72.501	0.000593904
72.2497	0.000604514
71.9997	0.000610474
71.7497	0.000608686
71.4997	0.000622276
71.2497	0.000634197
70.9997	0.000647072
70.7497	0.000646476
70.4997	0.000648264
70.2497	0.000654463
69.9997	0.000668649
69.7497	0.000692014
69.4997	0.000701193
69.2497	0.000716094
68.9997	0.000731949
68.7497	0.000752334
68.4997	0.000768546
68.2497	0.000783328
67.9997	0.000792984
67.7497	0.000821594
67.4998	0.000849728
67.2498	0.000861172
66.9998	0.000868324
66.7498	0.000869755
66.4998	0.000887517
66.2498	0.000903133
65.9998	0.000907067
65.7498	0.000916842
65.4998	0.000931505
65.2501	0.000965122
64.9998	0.000993617
64.7498	0.00101877
64.4998	0.00102497
64.2498	0.00101269
63.9998	0.000992425
63.7498	0.000994094
63.4998	0.00103856
63.2498	0.00104559
62.9998	0.00106693
62.7498	0.0010742
62.4998	0.00107158
62.2498	0.00105787
61.9998	0.00106693
61.7498	0.00108398
61.4998	0.00110281
61.2498	0.00111104
60.9998	0.00110222
60.7498	0.00106097
60.4998	0.00103379
60.2498	0.00104607
59.9998	0.00107373
59.7498	0.00108672
59.4998	0.00108392
59.2498	0.00106163
58.9998	0.00104708
58.7498	0.00106186
58.4998	0.00109214
58.2498	0.00109214
57.9998	0.00109214
57.7498	0.00104982
57.4998	0.00104541
57.2498	0.00103665
56.9998	0.00104082
56.7498	0.00105245
56.4998	0.00104744
56.2498	0.00102658
55.9998	0.000991233
55.7498	0.0009715
55.4998	0.000965241
55.2498	0.000952009
54.9999	0.000952367
54.7499	0.000952069
54.4999	0.000963215
54.2499	0.000944737
53.9999	0.000915471
53.7499	0.000873867
53.4999	0.000836615
53.2499	0.000824098
52.9999	0.000827674
52.7499	0.000835363
52.4999	0.000815097
52.2499	0.000772063
51.9999	0.000751141
51.7499	0.000752512
51.4999	0.000796381
51.2499	0.000802699
50.9999	0.000762168
50.7499	0.000708047
50.4999	0.000680033
50.2499	0.000661377
49.9999	0.000659171
49.7499	0.000643138
49.4999	0.000627045
49.2499	0.00061113
48.9999	0.000613872
48.7499	0.000609759
48.4999	0.00059754
48.2499	0.000572447
47.9999	0.000556473
47.7499	0.000531796
47.4999	0.000521842
47.2503	0.000532154
47.0002	0.00053877
46.7499	0.000526372
46.5005	0.000508193
46.251	0.000489417
46.0009	0.000475766
45.7499	0.000469388
45.4999	0.000464322
45.2499	0.000457289
44.9999	0.000445368
44.7499	0.00043291
44.4999	0.000425281
44.2499	0.000418188
43.9999	0.000402512
43.7499	0.000386717
43.4999	0.000382246
43.2499	0.000383856
42.9999	0.000376524
42.7499	0.000355603
42.5	0.000345411
42.25	0.000328483
42	0.000326993
41.75	0.000321867
41.5	0.000320675
41.25	0.000317397
41	0.000319125
40.75	0.000306608
40.5	0.000289978
40.25	0.00027621
40.0031	0.000267984
39.75	0.00026405
39.5	0.000265183
39.25	0.000254394
39.0001	0.000243128
38.75	0.000234247
38.5	0.000230373
38.25	0.000223936
38	0.000224055
37.75	0.000181318
37.5	1.70E-05
37.25	3.40E-06
37	1.19E-07
36.75	1.79E-07
36.5	1.19E-07
36.25	1.19E-07
36	1.19E-07
35.75	1.19E-07
35.5	1.19E-07
35.25	1.19E-07
35	0
35	1.79E-07
35	7.75E-07
149.999	0.000479402
149.749	0.000480713
149.499	0.000482025
149.249	0.000481846
148.999	0.000483634
148.749	0.000482323
148.499	0.000482442
148.249	0.00048125
147.999	0.000480594
147.749	0.00047964
147.499	0.000478568
147.249	0.000475587
146.999	0.000474038
146.749	0.000474216
146.499	0.000470461
146.249	0.000474038
145.999	0.000476005
145.749	0.000476243
145.499	0.000483574
145.249	0.000482025
144.999	0.000483694
144.749	0.000481727
144.499	0.000487151
144.249	0.000484588
143.999	0.000481071
143.749	0.000477316
143.499	0.000481071
143.249	0.000475945
142.999	0.000479104
142.749	0.00047976
142.5	0.000482501
142.249	0.000490014
141.999	0.000490133
141.749	0.000489119
141.499	0.000489596
141.249	0.000490192
140.999	0.0004921
140.749	0.000491325
140.499	0.000490431
140.249	0.000488224
139.999	0.000486555
139.749	0.000485303
139.499	0.000488702
139.249	0.00049055
138.999	0.00049508
138.749	0.000496928
138.499	0.000503901
138.249	0.000507358
137.999	0.000503842
137.749	0.000503186
137.5	0.000499789
137.249	0.000501636
136.999	0.000501279
136.749	0.000502769
136.499	0.000505034
136.249	0.000507358
135.999	0.000506345
135.749	0.000510816
135.499	0.000516001
135.249	0.000518505
134.999	0.000518266
134.749	0.000522379
134.499	0.000524525
134.249	0.000532512
133.999	0.000533227
133.749	0.0005343
133.5	0.000532214
133.251	0.000523154
132.999	0.000526074
132.749	0.00052673
132.499	0.00052822
132.249	0.000527266
131.999	0.000528816
131.749	0.00053424
131.499	0.000535194
131.249	0.000538293
130.999	0.000542048
130.749	0.000547294
130.499	0.00054938
130.249	0.000555579
129.999	0.000551526
129.749	0.000550393
129.499	0.000552718
129.249	0.000558261
129	0.000562314
128.749	0.000557963
128.5	0.000563148
128.25	0.000563089
128	0.00057048
127.75	0.00057042
127.5	0.000581387
127.25	0.000582639
127	0.000592057
126.75	0.000590626
126.5	0.00059152
126.25	0.000599865
126	0.000601713
125.75	0.000597659
125.5	0.000586752
125.25	0.000583354
125	0.000585679
124.75	0.000583056
124.5	0.00057948
124.25	0.00057495
124	0.000572685
123.75	0.000573281
123.5	0.000576142
123.25	0.000589851
123	0.000592593
122.75	0.00058699
122.5	0.000583414
122.25	0.000578348
122	0.000580493
121.75	0.000575308
121.5	0.000577036
121.25	0.000581328
121	0.000581924
120.75	0.000576679
120.5	0.000565115
120.25	0.000548963
120	0.000544194
119.75	0.000550393
119.5	0.000557963
119.25	0.000559215
119	0.000544731
118.75	0.000536148
118.5	0.000527266
118.25	0.000534479
118	0.000537816
117.75	0.000541691
117.5	0.000539664
117.25	0.000537161
117	0.000532035
116.75	0.000523392
116.501	0.000516478
116.25	0.000507776
116	0.000502471
115.75	0.000495259
115.5	0.000490133
115.25	0.000488702
115	0.000489894
114.75	0.000490252
114.5	0.000488164
114.25	0.000488164
114	0.000489119
113.75	0.000484051
113.5	0.000479819
113.25	0.000474336
113	0.000474336
112.75	0.000460269
112.5	0.000459315
112.25	0.000450971
112	0.000444951
111.75	0.000440003
111.5	0.000438632
111.25	0.000438811
111	0.000433626
110.75	0.000430467
110.5	0.000429573
110.25	0.000422956
110	0.000419857
109.75	0.000413479
109.5	0.000409188
109.25	0.000407102
109	0.000404419
108.75	0.000403466
108.5	0.000397803
108.25	0.000397505
108	0.000389876
107.75	0.000396432
107.5	0.000393691
107.25	0.000390531
107	0.000391426
106.75	0.000385465
106.5	0.000378193
106.25	0.000370624
106	0.000367286
105.75	0.000360431
105.5	0.000359954
105.25	0.000354828
105	0.000357511
104.75	0.000354649
104.5	0.00035453
104.25	0.000355901
104	0.000348987
103.75	0.000347616
103.5	0.000347855
103.25	0.00034106
103	0.00033951
102.75	0.000340344
102.5	0.000336768
102.25	0.000332
102	0.000329079
101.75	0.000324728
101.5	0.000328245
101.25	0.000325801
101	0.000323953
100.75	0.000322046
100.5	0.000318827
100.25	0.000318946
99.9997	0.000317218
99.7497	0.000314834
99.4997	0.000313343
99.2497	0.000306429
98.9997	0.000302674
98.7497	0.000299932
98.4997	0.000300588
98.2497	0.000296893
97.9997	0.000293674
97.7497	0.000291409
97.4997	0.000287475
97.2497	0.000290873
96.9997	0.000286462
96.7502	0.000284912
96.4997	0.000281097
96.2502	0.000280203
95.9998	0.000278952
95.7498	0.000284852
95.4998	0.00027913
95.2498	0.000274422
94.9998	0.000272991
94.7498	0.000270369
94.4998	0.000268342
94.2498	0.000269474
93.9998	0.000265004
93.7498	0.000260832
93.4998	0.000257673
93.2498	0.000255885
92.9998	0.000255229
92.7498	0.000254991
92.4998	0.000254096
92.2498	0.000254991
91.9998	0.000254931
91.7498	0.00025505
91.4998	0.000251295
91.2498	0.000248136
90.9998	0.000241102
90.7498	0.000236691
90.4998	0.000233353
90.2498	0.000234486
89.9998	0.000233949
89.7498	0.000233472
89.4998	0.000234307
89.2498	0.00023085
88.9998	0.000223638
88.7498	0.000221432
88.4998	0.000216604
88.2498	0.000210107
87.9998	0.000207723
87.7498	0.000205339
87.4998	0.000203968
87.2498	0.000207962
86.9998	0.000207067
86.7498	0.000206769
86.4999	0.000205637
86.2498	0.000204981
85.9998	0.000197531
85.7498	0.000199855
85.4998	0.000196279
85.2498	0.00019312
84.9998	0.000188113
84.7503	0.000185312
84.5005	0.000183643
84.2499	0.00018412
83.9999	0.000181676
83.7499	0.000181855
83.4999	0.000185848
83.2499	0.000180782
82.9999	0.000180305
82.7499	0.000179649
82.4999	0.000176252
82.2499	0.000171305
81.9999	0.000170053
81.7499	0.000171543
81.4999	0.000166477
81.2499	0.000164152
80.9999	0.000163079
80.7499	0.000160814
80.4999	0.000161947
80.2499	0.000159324
79.9999	0.000159443
79.7499	0.000153781
79.4999	0.000151218
79.2499	0.000154019
78.9999	0.000149013
78.7499	0.000145257
78.4999	0.000140429
78.2499	0.000134707
77.9999	0.000131608
77.7499	0.000129343
77.4999	0.000130118
77.2499	0.000130058
76.9999	0.000130356
76.7499	0.00013429
76.4999	0.000125409
76.2509	0.000124038
75.9999	0.000123621
75.7499	0.000121892
75.4999	0.000117124
75.2499	0.000114859
74.9999	0.000107348
74.7499	0.000107348
74.4999	0.000106693
74.2499	0.000102342
74.0024	0.000106335
73.7546	0.000105381
73.4999	0.000103713
73.2499	9.88E-05
72.9999	9.46E-05
72.7499	9.33E-05
72.4999	8.96E-05
72.2499	9.24E-05
71.9999	9.31E-05
71.7499	8.47E-05
71.4999	8.46E-05
71.25	8.09E-05
71	7.99E-05
70.75	7.90E-05
70.5	7.50E-05
70.25	7.08E-05
70	6.77E-05
69.75	6.66E-05
69.5	6.73E-05
69.25	6.51E-05
69	6.36E-05
68.752	6.23E-05
68.5018	5.95E-05
68.25	5.54E-05
68	5.37E-05
67.75	5.32E-05
67.5	5.56E-05
67.25	5.27E-05
67.0022	4.98E-05
66.75	4.38E-05
66.5	4.34E-05
66.25	4.15E-05
66	3.78E-05
65.75	3.36E-05
65.5	3.14E-05
65.25	2.47E-05
65	2.83E-05
65	2.46E-05
65	2.22E-05
