Photodiode Viewing Angle (Degrees) - Plot 0	Lock-in Signal Amplitude (V) - Plot 0
0.999672	6.10E-05
1.99968	6.29E-05
2.99968	6.49E-05
3.99969	6.87E-05
4.9997	7.44E-05
5.99923	7.82E-05
6.99971	8.39E-05
7.99971	8.77E-05
8.99972	9.35E-05
9.99972	0.00010109
10.9997	0.000104905
11.9997	0.000116349
12.9994	0.000123979
13.9997	0.000265123
14.9997	0.000810627
15.9998	0.00244714
16.9998	0.00582126
17.9998	0.00777629
18.9998	0.00759128
19.9998	0.00594142
20.9998	0.00559619
21.9998	0.00701144
22.9998	0.00872618
23.9998	0.0100365
24.9998	0.0108815
25.9998	0.0114823
26.9998	0.0119267
27.9998	0.0122166
28.9998	0.0124379
29.9998	0.0126076
30.9998	0.0127297
31.9998	0.0127888
32.9999	0.0127946
33.9999	0.0127164
34.9999	0.0126172
35.9999	0.0124665
36.9999	0.0123025
37.9999	0.0121956
38.9999	0.0121327
39.9999	0.012085
40.9999	0.0120488
41.9999	0.0120526
42.9999	0.0119992
43.9999	0.0119267
44.9999	0.0117417
45.9999	0.011488
46.9999	0.0111657
47.9999	0.0108357
48.9997	0.0104542
49.9999	0.0100461
51	0.00970083
52	0.00939947
53	0.00911719
54	0.00883871
55	0.00848776
56	0.00810438
57	0.00773814
58	0.00742534
59	0.00713161
60	0.00682071
60	0.0065079
0.999672	6.10E-05
1.99968	6.29E-05
2.99955	6.68E-05
3.99969	7.25E-05
4.9997	7.82E-05
5.9997	8.01E-05
6.99971	8.20E-05
7.99971	9.16E-05
8.99972	9.54E-05
9.99972	0.00010109
10.9997	0.000104905
11.9997	0.000112534
12.9997	0.000120163
13.9997	0.000263216
14.9997	0.00080872
15.9998	0.00244333
16.9998	0.00582126
17.9998	0.00778201
18.9998	0.00760081
19.9998	0.00594524
20.9997	0.00559047
21.9998	0.00701335
22.9998	0.0087319
23.9998	0.010048
24.9998	0.0108853
25.9998	0.0114804
26.9998	0.0119095
27.9998	0.0122243
28.9998	0.0124245
29.9998	0.0125886
30.9998	0.0127316
31.9998	0.0127946
32.9999	0.0127888
33.9999	0.012745
34.9999	0.012621
35.9999	0.0124817
36.9999	0.0123101
37.9999	0.012188
38.9999	0.0121308
39.9999	0.0120679
40.9999	0.0120679
41.9999	0.0120297
42.9999	0.0120125
43.9999	0.0119324
44.9999	0.0117589
45.9999	0.0114842
46.9999	0.0111943
47.9999	0.0108338
48.9999	0.0104619
49.9999	0.0100728
51	0.00971228
52	0.00940329
53	0.00910765
54	0.00882918
55	0.00848967
56	0.00810629
57	0.00774577
58	0.00743487
59	0.00713542
60	0.00681689
60	0.00650981
0.999672	5.91E-05
1.99968	6.10E-05
2.99968	6.68E-05
3.99969	7.06E-05
4.99935	7.44E-05
5.9997	8.01E-05
6.99971	8.20E-05
7.99971	9.16E-05
8.99972	9.54E-05
9.99972	9.92E-05
10.9997	0.000106812
11.9997	0.000112534
12.9997	0.000120163
13.9997	0.000263216
14.9997	0.000804905
15.9998	0.00242998
16.9998	0.00581172
17.9998	0.00776866
18.9998	0.00759509
19.9998	0.00595477
20.9998	0.00558856
21.9998	0.00700954
22.9998	0.00872427
23.9998	0.0100327
24.9998	0.0108815
25.9998	0.0114937
26.9989	0.0119134
27.9998	0.0122262
28.9998	0.0124398
29.9998	0.0125962
30.9998	0.0127144
31.9998	0.0127926
32.9999	0.0127946
33.9999	0.0127316
34.9999	0.0125943
35.9999	0.0124722
36.9999	0.012312
37.9999	0.0121937
38.9999	0.0121194
39.9999	0.0120698
40.9999	0.0120469
41.9999	0.0120412
42.9999	0.0120106
43.9999	0.0119191
44.9999	0.0117531
45.9999	0.0114728
46.9999	0.0111657
47.9999	0.0108529
48.9999	0.0104619
49.9999	0.0100632
51	0.00971228
52	0.00939947
53	0.00910956
54	0.00884062
55	0.00849539
56	0.00810629
57	0.00774196
58	0.00741962
59	0.00712779
60	0.00682262
60	0.00651363
0.999672	6.10E-05
1.99968	6.29E-05
2.99968	6.49E-05
3.99969	7.06E-05
4.99944	7.63E-05
5.9997	7.82E-05
6.99971	8.20E-05
7.99971	8.96E-05
8.99972	9.35E-05
9.99972	9.92E-05
10.9997	0.000106812
11.9997	0.000112534
12.9997	0.000120163
13.9997	0.000263216
14.9997	0.000802997
15.9998	0.00242235
16.9998	0.00579646
17.9998	0.00777248
18.9998	0.00760463
19.9998	0.00594333
20.9998	0.00558665
21.9993	0.00699428
22.9998	0.00870901
23.9998	0.0100098
24.9998	0.0108929
25.9998	0.0114747
26.9998	0.0118981
27.9998	0.0122262
28.9998	0.0124207
29.9998	0.0125714
30.9998	0.0127049
31.9998	0.0127946
32.9999	0.0127659
33.9999	0.0127144
34.9999	0.012579
35.9999	0.0124283
36.9999	0.0122834
37.9999	0.0121747
38.9999	0.0120793
39.9999	0.0120564
40.9999	0.0120392
41.9999	0.0120278
42.9999	0.0119763
43.9999	0.0118962
44.9999	0.0117264
45.9999	0.0114747
46.9999	0.011158
47.9999	0.0108166
48.9979	0.0104428
49.9999	0.0100384
51	0.00968748
52	0.00938803
53	0.00910383
54	0.00881773
55	0.00847059
55.9999	0.00809675
57	0.00773051
58	0.00740626
59	0.00711825
60	0.00680545
60	0.0065079
0.999672	5.91E-05
1.99968	6.49E-05
2.99968	6.49E-05
3.99969	7.06E-05
4.9997	7.44E-05
5.9997	7.82E-05
6.99971	8.20E-05
7.99971	8.96E-05
8.99972	9.16E-05
9.99972	0.00010109
10.9997	0.000104905
11.9997	0.000110627
12.9997	0.000120163
13.9997	0.000263216
14.9997	0.000795368
15.9998	0.00240709
16.9998	0.00576785
17.9998	0.00774196
18.9998	0.00757793
19.9998	0.00594142
20.9998	0.00555995
21.9998	0.00695994
22.9998	0.00868994
23.9998	0.00998694
24.9988	0.0108472
25.9998	0.0114556
26.9998	0.0118828
27.9998	0.012188
28.9998	0.0123826
29.9998	0.0125371
30.9998	0.0126629
31.9998	0.0127545
32.9999	0.0127221
33.9999	0.012661
34.9999	0.0125218
35.9999	0.0123845
36.9999	0.0122357
37.9999	0.0121174
38.9999	0.0120373
39.9999	0.0120183
40.9999	0.0119858
41.9999	0.0119668
42.9999	0.0119534
43.9999	0.0118561
44.9999	0.0116978
45.9999	0.0114308
46.9999	0.0111237
47.9999	0.0107842
48.9999	0.0104027
49.9999	0.0100175
50.9999	0.00966078
52	0.00935942
53	0.00907141
54	0.00879484
55	0.00845343
56	0.00806624
57	0.00771335
58	0.00737956
59	0.00709537
60	0.00677112
60	0.00647357
