Photodiode Viewing Angle (Degrees) - Plot 0	Lock-in Signal Amplitude (V) - Plot 0
0.999672	6.10E-05
1.99968	6.49E-05
2.99968	7.06E-05
3.99969	7.25E-05
4.9997	7.82E-05
5.9997	8.01E-05
6.99971	8.58E-05
7.99971	9.16E-05
8.99972	9.73E-05
9.99972	9.92E-05
10.9997	0.000106812
11.9997	0.000116349
12.9997	0.000122071
13.9997	0.000305178
14.9997	0.00106049
15.9998	0.00303842
16.9998	0.00646213
17.9998	0.0079518
18.9998	0.00737002
19.9998	0.0056496
20.9998	0.0058575
21.9998	0.00740817
22.9998	0.00905424
23.9998	0.0102311
24.9998	0.0110093
25.9998	0.0115796
26.9998	0.011982
27.9998	0.0122758
28.9998	0.012476
29.9998	0.0126839
30.9998	0.0128422
31.9998	0.0129414
32.9999	0.0129414
33.9999	0.012888
34.9999	0.0127831
35.9999	0.0126324
36.9999	0.0124665
37.9999	0.0123444
38.9999	0.0122471
39.9989	0.0121766
40.9999	0.0121422
41.9999	0.0120907
42.9999	0.0119877
43.9999	0.0118428
44.9999	0.011612
45.9999	0.0113526
46.9999	0.0110055
47.9999	0.010645
48.9999	0.0102273
49.9999	0.00983626
51	0.00949293
52	0.00918394
53	0.00892264
54	0.00867468
55	0.00838095
56	0.00804144
56.9984	0.00768855
58	0.00734904
59	0.00705722
60	0.00676349
60	0.0064564
0.999672	5.91E-05
1.99968	6.49E-05
2.99968	6.49E-05
3.99969	7.44E-05
4.9997	7.82E-05
5.99928	8.20E-05
6.99971	8.20E-05
7.99971	8.96E-05
8.99972	9.54E-05
9.99972	9.92E-05
10.9997	0.000104905
11.9997	0.000114441
12.9997	0.000122071
13.9997	0.000307085
14.9997	0.00106049
15.9998	0.00304414
16.9998	0.00646976
17.9998	0.00797087
18.9998	0.00738338
19.9998	0.00566295
20.9998	0.00585559
21.9998	0.00741389
22.9992	0.0090695
23.9998	0.0102425
24.9998	0.0110322
25.9998	0.0115834
26.9998	0.0119877
27.9998	0.0122929
28.9982	0.0125085
29.9998	0.0126877
30.9998	0.012867
31.9998	0.0129471
32.9999	0.0129643
33.9999	0.0129033
34.9999	0.0127984
35.9999	0.0126401
36.9999	0.0124722
37.9999	0.0123673
38.9999	0.0122796
39.9999	0.0121861
40.9999	0.0121403
41.9999	0.0121041
42.9999	0.0120259
43.9999	0.0118695
44.9999	0.0116425
45.9999	0.0113526
46.9999	0.0110264
47.9999	0.0106412
48.9999	0.0102444
49.9999	0.00984007
50.9978	0.00950819
52	0.00919729
53	0.00893027
54	0.00868613
55	0.00837713
56	0.00803381
57	0.00767711
58	0.0073643
59	0.00706103
60	0.00677112
60	0.00645831
0.999672	6.29E-05
1.99968	6.49E-05
2.9989	6.87E-05
3.99969	7.25E-05
4.9997	7.82E-05
5.9997	8.01E-05
6.99971	8.39E-05
7.99971	8.96E-05
8.99972	9.35E-05
9.99972	0.00010109
10.9991	0.000104905
11.9997	0.000112534
12.9997	0.000122071
13.9997	0.000308992
14.9997	0.00106049
15.9998	0.00304224
16.9982	0.00646976
17.9998	0.0079785
18.9998	0.0073891
19.9998	0.00567058
20.9998	0.00586322
21.9998	0.00741771
22.9998	0.00907332
23.9998	0.0102482
24.9985	0.0110417
25.9998	0.0115986
26.9998	0.0119954
27.9998	0.0123044
28.9998	0.0125104
29.9998	0.0127011
30.9998	0.0128651
31.9998	0.0129567
32.9999	0.0129777
33.9999	0.0129185
34.9999	0.0128098
35.9999	0.0126477
36.9999	0.0124894
37.9999	0.0123845
38.9999	0.0122891
39.9999	0.0122052
40.9999	0.0121537
41.9999	0.0121079
42.9999	0.0120183
43.9999	0.0118619
44.9999	0.0116425
45.9994	0.0113583
46.9999	0.0110207
47.9999	0.0106679
48.9999	0.0102559
49.9999	0.00986296
51	0.00950247
51.9986	0.00921446
53	0.00894552
54	0.00869948
55	0.00839812
56	0.00805479
57	0.00769237
58	0.00737193
58.9999	0.00706866
60	0.0067673
60	0.00646403
0.999672	5.91E-05
1.99968	6.49E-05
2.99889	6.68E-05
3.99969	7.25E-05
4.9997	7.63E-05
5.9997	7.82E-05
6.99971	8.20E-05
7.99971	9.16E-05
8.99972	9.54E-05
9.99972	0.000102997
10.9991	0.000106812
11.9997	0.000114441
12.9997	0.000120163
13.9997	0.000312807
14.9997	0.00106431
15.9998	0.00304605
16.9998	0.00647548
17.9998	0.00797659
18.9998	0.00739864
19.9998	0.00566486
20.9998	0.00587085
21.9998	0.00741962
22.9998	0.00908285
23.9998	0.010273
24.9998	0.0110341
25.9998	0.0116101
26.9998	0.0120087
27.9998	0.0123101
28.9998	0.0125161
29.9998	0.0127144
30.9998	0.0128804
31.9998	0.0129738
32.9999	0.0129719
33.9999	0.0129223
34.9999	0.0128041
35.9999	0.012661
36.9999	0.0125123
37.9999	0.0123692
38.9999	0.0122872
39.9999	0.0122109
40.9999	0.0121632
41.9999	0.0120984
42.9999	0.0120412
43.9991	0.0118828
44.9999	0.0116635
45.9999	0.0113736
46.9999	0.0110398
47.9999	0.0106736
48.9981	0.010273
49.9999	0.00986868
51	0.00951201
52	0.00922209
53	0.00894743
54	0.00869185
55	0.00840193
56	0.00805289
56.9988	0.00770381
58	0.00736812
59	0.00707629
60	0.00678065
60	0.00647548
0.999672	6.10E-05
1.99968	6.49E-05
2.99968	6.68E-05
3.99969	7.44E-05
4.9997	7.82E-05
5.9997	8.01E-05
6.99917	8.96E-05
7.99971	9.16E-05
8.99972	9.54E-05
9.99972	0.00010109
10.9997	0.000108719
11.9997	0.000114441
12.9997	0.000122071
13.9997	0.000308992
14.9997	0.00106622
15.9988	0.00304987
16.9998	0.00648883
17.9998	0.00798994
18.9998	0.00740626
19.9998	0.00567058
20.9998	0.00587085
21.9998	0.00743297
22.9996	0.00907713
23.9998	0.0102673
24.9998	0.0110703
25.9998	0.0116044
26.9998	0.0120373
27.9998	0.012312
28.9998	0.0125352
29.9998	0.0127106
30.9998	0.0128766
31.9998	0.0129929
32.9999	0.0129948
33.9999	0.0129414
34.9999	0.0128117
35.9999	0.0126725
36.9996	0.0125085
37.9999	0.0123902
38.9999	0.0123082
39.9999	0.0122433
40.9999	0.012167
41.9999	0.0121174
42.9999	0.0120316
43.9999	0.0118828
44.9999	0.0116711
45.9999	0.0113812
46.9999	0.0110512
47.9999	0.0106679
48.9999	0.0102826
49.9999	0.00987822
51	0.00952536
52	0.00922018
52.9984	0.00896078
53.9999	0.00871092
55	0.00839812
56	0.0080567
57	0.00769618
58	0.00737765
59	0.00707629
60	0.00677493
60	0.00646594
