Photodiode Viewing Angle (Degrees) - Plot 0	Lock-in Signal Amplitude (V) - Plot 0
-40.499	0.000127465
-39.999	0.000124962
-39.499	0.000127912
-38.999	0.0001283
-38.499	0.000126631
-37.9991	0.000127167
-37.4991	0.000126989
-36.9991	0.000127376
-36.4991	0.000124694
-35.9991	0.00012374
-35.4991	0.00012833
-35.0001	0.000128807
-34.4991	0.00012833
-33.9998	0.000127436
-33.4991	0.000125677
-32.9991	0.000127018
-32.4991	0.000125409
-31.9991	0.000126631
-31.4991	0.000127853
-30.9991	0.000125379
-30.4991	0.000126959
-29.9991	0.000127495
-29.4991	0.00012985
-28.9991	0.000126095
-28.4991	0.000125797
-27.9991	0.000128568
-27.4991	0.000128777
-26.9991	0.000127376
-26.4991	0.000125975
-25.9991	0.000129432
-25.4991	0.000127346
-24.9991	0.000128598
-24.4991	0.00012824
-23.9991	0.000127495
-23.4992	0.000126452
-22.9992	0.000132264
-22.4992	0.000127614
-21.9992	0.000129552
-21.4992	0.000128509
-20.9992	0.000130833
-20.4992	0.000128687
-19.9992	0.000131072
-19.4992	0.000131191
-18.9992	0.000129045
-18.4992	0.000134827
-17.9992	0.000131668
-17.4992	0.000134618
-16.9993	0.000134231
-16.4992	0.000136585
-15.9992	0.000135721
-15.4992	0.000138194
-14.9992	0.000141324
-14.4992	0.000137181
-13.9992	0.000137598
-13.4992	0.000138135
-12.9992	0.000140966
-12.4992	0.000140519
-11.9992	0.000143887
-11.4993	0.000143082
-10.9993	0.000142814
-10.4993	0.000144632
-9.99969	0.000144006
-9.49927	0.000146003
-8.99928	0.000145079
-8.49928	0.000151218
-7.99928	0.000148297
-7.49928	0.000148655
-6.99928	0.000152321
-6.4993	0.000153244
-5.9993	0.000156404
-5.4993	0.000155271
-4.99931	0.00015697
-4.49931	0.000164927
-3.99931	0.000159205
-3.49931	0.000164003
-2.99931	0.000165672
-2.49933	0.000168444
-1.99933	0.00016904
-1.49934	0.000170887
-0.999336	0.00017655
-0.499336	0.00017658
0.000656128	0.000179709
0.500656	0.000178874
1.00066	0.000183226
1.50064	0.000185461
2.00033	0.000184239
2.50005	0.000190348
3.00024	0.000192971
3.50063	0.000194133
4.00063	0.000200004
4.50063	0.000201614
5.00063	0.000201226
5.50062	0.000202687
6.0006	0.000205965
6.5006	0.000208677
7.0006	0.000213356
7.5006	0.000218363
8.0006	0.000218571
8.5006	0.000218661
9.00059	0.0002248
9.50059	0.000225932
10.0006	0.00022775
10.5006	0.000233592
11.0006	0.000238062
11.5006	0.000243009
12.0006	0.000239314
12.5006	0.000249447
13.0006	0.000249268
13.5006	0.000255944
14.0005	0.000258269
14.5005	0.000266792
15.0005	0.000268461
15.5005	0.000275316
16.0005	0.000280442
16.4996	0.000286879
17.0005	0.000290098
17.5005	0.000296058
18.0005	0.000301542
18.5005	0.000303926
19.0005	0.000312986
19.5005	0.000322463
20.0005	0.00032592
20.5005	0.000335397
21.0005	0.000338675
21.5005	0.000345172
22.0005	0.000353159
22.5005	0.000357511
23.0005	0.00036365
23.5005	0.000375153
24.0005	0.000381174
24.5005	0.000387253
25.0005	0.000400068
25.5005	0.000407519
26.0005	0.000415327
26.5005	0.000420989
27.0005	0.000431718
27.5004	0.000437023
27.9997	0.000449421
28.4995	0.000461938
29.0004	0.000470879
29.5004	0.000485184
30.0004	0.000489477
30.5004	0.000507597
31.0004	0.000520114
31.5004	0.000531081
32.0004	0.000544433
32.5004	0.000560764
33.0004	0.000576142
33.5004	0.000590447
34.0004	0.000604991
34.5004	0.000621561
35.0004	0.000639562
35.5004	0.000660781
36.0004	0.000677709
36.5004	0.000689749
37.0004	0.000706676
37.5004	0.000723723
38.0004	0.000742916
38.5004	0.000759248
39.0004	0.000780467
39.5004	0.000801209
40.0003	0.00081623
40.5003	0.000847343
41.0003	0.000866774
41.5003	0.000889663
42.0003	0.000910524
42.5003	0.000934724
43.0003	0.00097144
43.5003	0.000996359
44.0003	0.00101794
44.5003	0.00104011
45.0003	0.00106526
45.5003	0.00108755
46.0003	0.00111736
46.5003	0.00115038
47.0003	0.0011778
47.5003	0.00119949
48.0003	0.00123382
48.5003	0.00126267
49.0003	0.00130201
49.5003	0.00132585
50.0003	0.00135494
50.5003	0.00140239
51.0003	0.00143839
51.5003	0.00147343
52.0003	0.00151468
52.5002	0.00154591
53.0002	0.00158168
53.5002	0.00162888
54.0002	0.00168467
54.5002	0.00171424
55.0002	0.00175548
55.5002	0.00179554
56.0002	0.00184155
56.5002	0.00188304
57.0002	0.00193406
57.5002	0.00197317
58.0002	0.00202586
58.5002	0.00209357
59.0002	0.00215293
59.5002	0.00219943
60.0002	0.00225665
60.5002	0.00232126
61.0002	0.0023904
61.5002	0.00245
62.0002	0.0025015
62.5002	0.00254966
63.0002	0.00261022
63.5002	0.00266506
64.0002	0.00274898
64.5002	0.0027857
65.0002	0.00285293
65.5001	0.0029278
66.0001	0.00297643
66.5001	0.00302269
67.0001	0.00309326
67.5001	0.00315382
68.0001	0.00323106
68.5001	0.00327779
69.0001	0.00334074
69.5001	0.00342371
70.0001	0.00349762
70.5001	0.00356866
71.0001	0.00364734
71.5001	0.00372459
72.0001	0.0037985
72.5001	0.00387575
73.0001	0.00395301
73.5001	0.00405219
74.0001	0.00413421
74.5001	0.00422385
75.0001	0.00431827
75.5001	0.00438502
76.0001	0.00443843
76.5001	0.004509
77.0001	0.00454238
77.5001	0.00463393
78	0.00473884
78.5	0.00483707
79	0.00500682
79.5	0.00510028
80	0.00516894
80.5	0.00527099
81	0.00540164
81.5	0.00548175
82	0.00562385
82.5	0.0057545
83	0.00589278
83.5	0.0060921
84	0.00615886
84.5	0.00630096
85	0.00639632
85	0.00640205
-40.499	0.000236959
-39.999	0.000243069
-39.499	0.000244858
-38.999	0.000243933
-38.4991	0.000246169
-37.9991	0.000246676
-37.4991	0.000245752
-36.9991	0.000245335
-36.4991	0.000247421
-35.9991	0.000250699
-35.4991	0.000250163
-34.9991	0.00025505
-34.4991	0.000255408
-33.9991	0.000253798
-33.4991	0.000257792
-32.9991	0.000258448
-32.4991	0.000262203
-31.9991	0.000263633
-31.4991	0.000262739
-30.9991	0.000266137
-30.4998	0.000269534
-29.9991	0.000264825
-29.4991	0.000271382
-28.9991	0.000274064
-28.4991	0.000276806
-27.9991	0.000277819
-27.4991	0.000280203
-26.9991	0.000281276
-26.4991	0.000280382
-25.9991	0.000283958
-25.4991	0.000293138
-24.9991	0.00029272
-24.4991	0.000293078
-23.9992	0.00029576
-23.4992	0.000298502
-22.9992	0.000302615
-22.4992	0.000304701
-21.9992	0.000308694
-21.4992	0.000308396
-20.9992	0.000311079
-20.4992	0.000314595
-19.9992	0.000319364
-19.4992	0.000317814
-18.9992	0.000325503
-18.4992	0.000324013
-17.9992	0.000332477
-17.4992	0.000333967
-16.9992	0.000340881
-16.4992	0.000341596
-15.9992	0.000343265
-15.4992	0.000348033
-14.9992	0.000351252
-14.4992	0.000361504
-13.9992	0.000362756
-13.4992	0.00036669
-12.9993	0.00036961
-12.4993	0.000373306
-11.9993	0.000381829
-11.4996	0.000384452
-10.9993	0.00038165
-10.4993	0.00039077
-9.99927	0.000393929
-9.49927	0.000398817
-8.99928	0.000402333
-8.49928	0.000410559
-7.99928	0.00041342
-7.49928	0.000423374
-6.99929	0.000423195
-6.4993	0.000425162
-5.99942	0.000432732
-5.49931	0.000436904
-4.99931	0.000449302
-4.49931	0.00045252
-3.99931	0.000459434
-3.49931	0.000467541
-2.99932	0.000473382
-2.49932	0.000479938
-1.99934	0.000486495
-1.49934	0.000495438
-0.999336	0.000504497
-0.499443	0.000511769
0.000656128	0.000517014
0.500656	0.000521664
1.00065	0.00052667
1.50065	0.000532988
2.00063	0.000541452
2.50063	0.000549082
3.00063	0.000553969
3.50063	0.000558857
4.00063	0.000564579
4.50062	0.00056899
5.00062	0.000577215
5.50062	0.00058854
6.0006	0.000603799
6.5006	0.0006156
7.0006	0.000623826
7.5006	0.000629667
8.0006	0.000640873
8.50059	0.000649337
8.99957	0.000658993
9.50059	0.00066686
10.0006	0.000680212
10.5006	0.000688914
11.0006	0.000699047
11.5006	0.000710014
12.0006	0.000723246
12.5006	0.000730518
13.0006	0.000744704
13.5005	0.000759844
14.0005	0.000779871
14.5005	0.000796441
15.0005	0.000817303
15.5005	0.000845674
16.0005	0.000857238
16.5005	0.000874761
17.0005	0.000894312
17.5005	0.000909094
18.0005	0.000928406
18.5005	0.000943545
19.0005	0.000956181
19.5005	0.000977881
20.0005	0.000994094
20.5005	0.00101186
21.0005	0.00101996
21.5005	0.00102986
22.0005	0.00104821
22.5005	0.00106872
23.0005	0.00108851
23.5005	0.00111593
24.0005	0.00113452
24.5005	0.00114394
25.0005	0.00115586
25.5005	0.00117088
26.0005	0.00118483
26.5005	0.00121129
27.0004	0.00122321
27.5004	0.00124586
28.0004	0.00127435
28.5004	0.00129605
29.0004	0.00131536
29.5004	0.0013485
30.0004	0.00138212
30.5004	0.00141073
31.0004	0.00144387
31.5004	0.00147486
32.0004	0.00148369
32.5004	0.00150538
33.0004	0.001508
33.5004	0.00153137
34.0004	0.00157214
34.5004	0.00161339
35.0004	0.001647
35.5004	0.00167347
36.0004	0.00168372
36.5004	0.001683
37.0004	0.00171853
37.5004	0.00175262
38.0004	0.00179005
38.5004	0.001817
39.0004	0.00184465
39.5004	0.00187422
40.0003	0.00191618
40.5003	0.00195695
41.0003	0.00199153
41.5003	0.00201704
42.0003	0.00204827
42.5003	0.00210716
43.0003	0.00216247
43.5003	0.00219847
44.0003	0.0022123
44.5003	0.00223352
45.0003	0.00226308
45.5003	0.00231721
46.0003	0.00235631
46.5003	0.00240733
47.0003	0.00244667
47.5003	0.00247575
48.0003	0.00250389
48.5003	0.00254394
49.0003	0.00257327
49.5003	0.00260712
50.0003	0.00264598
50.5003	0.00270964
51.0003	0.0027609
51.5003	0.00281049
52.0003	0.0028248
52.5002	0.00284411
53.0002	0.00288297
53.5002	0.00291421
54.0002	0.00293876
54.5002	0.00299789
55.0002	0.00304748
55.5002	0.00313021
56.0002	0.00317813
56.5002	0.00321867
57.0002	0.0032201
57.5002	0.00323774
58.0002	0.00326253
58.5002	0.00335075
59.0002	0.00339891
59.5002	0.00342084
60.0002	0.00341989
60.5002	0.00335838
61.0002	0.00334646
61.5002	0.00337411
62.0002	0.00342228
62.5002	0.00348808
63.0002	0.00350429
63.5002	0.00346662
64.0002	0.00346376
64.5002	0.00346233
65.0001	0.00348856
65.5001	0.00355674
66.0001	0.00358392
66.5001	0.00358249
67.0001	0.00355865
67.5001	0.00351097
68.0001	0.00349905
68.5001	0.00349332
69.0001	0.00352432
69.5001	0.00355102
70.0001	0.00356342
70.5001	0.00351526
71.0001	0.00346138
71.5001	0.00342418
72.0001	0.00334837
72.5001	0.00331117
73.0001	0.00332452
73.5001	0.00335552
74.0001	0.00338699
74.5001	0.00338508
75.0001	0.00331928
75.5001	0.00325634
76.0001	0.00320055
76.5001	0.00316478
77.0001	0.00316907
77.5	0.0031562
78	0.00312521
78.5	0.00309278
79	0.00306512
79.5	0.0029812
80	0.00289513
80.5	0.00280143
81	0.00273277
81.5	0.0027063
82	0.00264932
82.5	0.0025499
83	0.00246717
83.5	0.00238444
84	0.00233485
84.5	0.00225307
85	0.00216319
85	0.00207068
-25.4991	0.000412883
-24.9991	0.000420691
-24.4991	0.000426354
-23.9991	0.000430645
-23.4991	0.000431182
-22.9992	0.000431361
-22.4992	0.000431003
-21.9992	0.000435235
-21.4992	0.000441017
-20.9992	0.000443818
-20.4992	0.000449302
-19.9992	0.000453951
-19.4992	0.000460865
-18.9992	0.000458958
-18.4992	0.000465633
-17.9992	0.000475528
-17.4992	0.000484826
-16.9992	0.000492338
-16.4992	0.000497464
-15.9992	0.000505213
-15.4992	0.00051165
-14.9992	0.000512484
-14.4992	0.000518326
-13.9992	0.000527862
-13.4992	0.000540141
-12.9992	0.000544075
-12.4992	0.00055242
-11.9992	0.00055993
-11.4993	0.000566844
-10.9993	0.000580672
-10.4993	0.00059462
-9.99925	0.000592951
-9.49925	0.000603799
-8.99927	0.000612024
-8.49927	0.000617985
-7.99928	0.000631336
-7.49928	0.000633243
-6.99928	0.000640515
-6.49928	0.000652794
-5.99928	0.000665311
-5.49928	0.000676755
-4.9993	0.000686053
-4.4993	0.00070012
-3.99931	0.000709657
-3.49931	0.000725392
-2.99931	0.000735644
-2.49931	0.000746015
-1.99931	0.000760082
-1.49931	0.000769857
-0.999329	0.00078309
-0.499329	0.000797752
0.000656128	0.000804786
0.500656	0.000816468
1.00066	0.000827555
1.50066	0.000836495
2.00066	0.000851158
2.50064	0.000872377
3.00064	0.000894669
3.50063	0.000903372
4.00063	0.000915412
4.50063	0.000916246
5.00063	0.000930909
5.50063	0.000947479
6.00063	0.000966672
6.50061	0.000984915
7.00061	0.000993498
7.5006	0.00100899
8.0006	0.00102378
8.5006	0.0010419
9.0006	0.00104929
9.50059	0.00106359
10.0006	0.00108767
10.5006	0.00111271
11.0006	0.00113536
11.5006	0.00116134
12.0006	0.00117875
12.5006	0.00119472
13.0006	0.00120617
13.5006	0.00123525
14.0006	0.00125886
14.5006	0.00128985
15.0005	0.00130106
15.5005	0.00131989
16.0005	0.00133539
16.5005	0.00133348
17.0005	0.00133658
17.5005	0.00135136
18.0005	0.00137425
18.5005	0.00140334
19	0.001431
19.5005	0.00144411
20.0005	0.0014422
20.5005	0.00145365
21.0005	0.00148774
21.5005	0.00152422
22.0005	0.0015657
22.5005	0.00158525
23.0005	0.00160003
23.5005	0.00161482
24.0005	0.0016327
24.5005	0.00166369
25.0005	0.00169993
25.5005	0.00172067
26.0005	0.00172568
26.5005	0.00173188
27.0005	0.00173784
27.5005	0.00177122
28.0005	0.00178672
28.5004	0.00181986
29.0004	0.00184394
29.5004	0.00187064
30.0004	0.00193048
30.5004	0.00195982
31.0004	0.00199653
31.5004	0.00202371
32.0004	0.00204588
32.5004	0.0020466
33.0004	0.00207902
33.5004	0.0021217
34.0004	0.00213768
34.5004	0.00215437
35.0004	0.00217392
35.5004	0.00217439
36.0004	0.00223829
36.5004	0.00225021
37.0004	0.00225593
37.5002	0.00227953
38.0004	0.00227381
38.5004	0.00226475
39.0004	0.00230123
39.5004	0.00231935
40.0004	0.00233604
40.5004	0.0023482
41.0003	0.00234558
41.5003	0.00239231
42.0003	0.00242282
42.5003	0.00241186
43.0003	0.00244381
43.4999	0.00244834
44.0003	0.00245215
44.5003	0.00243713
45.0003	0.00244524
45.5003	0.00243331
46.0003	0.00245859
46.5003	0.0025015
47.0003	0.00254108
47.5003	0.0025418
48.0003	0.00254656
48.5003	0.00252964
49.0003	0.00252344
49.5003	0.00249864
50.0003	0.00253703
50.5003	0.00256468
51.0003	0.00254776
51.5003	0.00254203
52.0003	0.00247385
52.5003	0.00246526
53.0003	0.00248624
53.5003	0.00251271
54.0002	0.00253774
54.5002	0.00254299
55.0002	0.00252415
55.5002	0.00249292
56.0002	0.00249101
56.5002	0.00246502
57.0002	0.00248601
57.5002	0.00249769
58.0002	0.00252415
58.5002	0.00251867
59.0002	0.00250293
59.5002	0.00247742
60.0002	0.00239612
60.5002	0.00237347
61.0002	0.00240399
61.5002	0.0024078
62.0002	0.00241829
62.5002	0.0023873
63.0002	0.0023513
63.5002	0.00235869
64.0002	0.00234915
64.5002	0.00231029
65.0002	0.00225283
65.5002	0.00221397
66.0002	0.00221588
66.5001	0.00219513
67.0001	0.00218441
67.5001	0.0021546
68.0001	0.00211646
68.5001	0.00211169
69.0001	0.00210525
69.5001	0.002064
70.0001	0.0020137
70.5001	0.00198151
71.0001	0.00195314
71.5001	0.00194002
72.0001	0.001925
72.5001	0.00186969
73.0001	0.00181485
73.5001	0.00177313
74.0001	0.00175143
74.5001	0.00173534
75.0001	0.0017221
75.5001	0.00165189
76.0001	0.00159634
76.5001	0.00154746
77.0001	0.00150967
77.5001	0.00149823
78.0001	0.00147069
78.5001	0.0014335
79	0.00139583
79.5	0.00133277
80	0.00129069
80.5	0.00127435
81	0.00125266
81.5	0.00123382
82	0.00118316
82.5	0.00112391
83	0.000546072
83.5	0.00101013
84	0.000957552
84.5	0.000907067
85	0.000868324
85	0.000831012
-10.4993	0.000930313
-9.99925	0.000953797
-9.49927	0.000971559
-8.99927	0.00099159
-8.49928	0.000996239
-7.99928	0.00100292
-7.49928	0.00100613
-6.99928	0.00101412
-6.49928	0.00102974
-5.99928	0.00105537
-5.4993	0.0010692
-4.9993	0.00109173
-4.49931	0.00110031
-3.99931	0.00111378
-3.49931	0.0011257
-2.99931	0.00114573
-2.49931	0.0011735
-1.99933	0.00118888
-1.49933	0.00120116
-0.999329	0.00120962
-0.499344	0.00122321
0.000656128	0.00123108
0.500656	0.00125385
1.00066	0.0012759
1.50066	0.00130416
2.00064	0.00132871
2.50064	0.00132442
3.00064	0.00132347
3.50064	0.00134016
4.00063	0.00137616
4.50063	0.00141097
5.00063	0.00143886
5.50063	0.00145198
6.00061	0.00147177
6.50061	0.00147033
7.00061	0.00149656
7.50061	0.00151754
8.0006	0.00154901
8.5006	0.00158263
9.0006	0.00160337
9.50058	0.00163079
10.0006	0.0016501
10.5006	0.00165582
11.0006	0.00168134
11.5006	0.00169659
12.0006	0.00171304
12.5006	0.00170804
13.0006	0.00171686
13.5005	0.00171614
14.0005	0.00173713
14.5005	0.00176836
15.0005	0.00181366
15.5005	0.00184584
16.0005	0.00185753
16.5005	0.00185467
17.0005	0.00185133
17.5005	0.00188041
18.0005	0.001925
18.5005	0.00194884
19.0005	0.00196458
19.5005	0.00196816
20.0005	0.00198199
20.5005	0.00198294
21.0005	0.0019858
21.5005	0.00200249
22.0005	0.00201131
22.5005	0.00205161
23.0005	0.0021136
23.5005	0.00213505
24.0005	0.0021403
24.5005	0.00215103
25.0005	0.00216033
25.5005	0.00218917
26.0005	0.0022185
26.5005	0.00224735
27.0005	0.00227167
27.5005	0.00226881
28.0005	0.0022793
28.5004	0.00227048
29.0004	0.00228097
29.5004	0.00229885
30.0004	0.00230528
30.5004	0.0023265
31.0004	0.00233246
31.5004	0.00230576
32.0004	0.00227286
32.5004	0.00226285
33.0004	0.00228216
33.5004	0.00230028
34.0004	0.00231196
34.5004	0.00230695
35.0004	0.00226571
35.5004	0.00224377
36.0004	0.00225784
36.5004	0.00229074
37.0004	0.00231387
37.5004	0.00229336
38.0004	0.00226428
38.5004	0.00226022
39.0004	0.00226022
39.5004	0.00228263
40.0004	0.00230147
40.5004	0.00229432
41.0004	0.00228597
41.5003	0.00223805
42.0003	0.00220849
42.5003	0.00218417
42.9999	0.00214936
43.5003	0.00215603
44.0003	0.00215198
44.5003	0.00215961
45.0003	0.00216962
45.5003	0.00216939
46.0003	0.00217964
46.5003	0.00216796
47.0003	0.00214435
47.5003	0.00212671
48.0003	0.00209309
48.5003	0.00208832
49.0003	0.00208403
49.5003	0.00207187
50.0003	0.00203539
50.5003	0.00201012
51.0003	0.00197841
51.5003	0.00197817
52.0003	0.00199153
52.5003	0.0019765
53.0003	0.00192953
53.5003	0.00190497
54.0002	0.00187827
54.5002	0.0018592
55.0002	0.00182677
55.5002	0.00177861
56.0002	0.00173355
56.4981	0.00168539
57.0002	0.00166608
57.5002	0.0016656
58.0002	0.00166322
58.5002	0.00163151
59.0002	0.00162626
59.5002	0.00160695
60.0002	0.00158716
60.5002	0.00155283
61.0002	0.00153328
61.5002	0.00151516
62.0002	0.00149298
62.5002	0.00146879
63.0002	0.00142849
63.5002	0.00136555
64.0002	0.00132871
64.5002	0.00129736
65.0002	0.0013063
65.5002	0.00130261
66.0001	0.00129844
66.5001	0.00128032
67.0001	0.00123907
67.5001	0.00120593
68.0001	0.00117076
68.5001	0.00114668
69.0001	0.00114442
69.5001	0.00112892
70.0001	0.00111151
70.499	0.00107682
71.0001	0.00104786
71.5001	0.00103594
72.0001	0.00101281
72.5001	0.000999339
73.0001	0.000980504
73.5001	0.000977047
74.0001	0.000954989
74.5001	0.000916723
75.0001	0.000889543
75.5001	0.00084329
76.0001	0.000827793
76.5001	0.000814918
77.0001	0.000798885
77.5001	0.000778381
78.0001	0.000740591
78.5001	0.000730876
79	0.000714604
79.5	0.000689868
80	0.000662211
80.5	0.000629727
81	0.000613514
81.5	0.000591878
82	0.000570659
82.5	0.000542108
83	0.000509981
83.5	0.000490312
84	0.000473501
84.5	0.000452759
85	0.000427129
85	0.000401499
