Photodiode Viewing Angle (Degrees) - Plot 0	Lock-in Signal Amplitude (V) - Plot 0
-18.9987	7.38E-05
-18.7487	7.47E-05
-18.4987	7.05E-05
-18.2487	6.96E-05
-17.9987	7.24E-05
-17.7487	6.96E-05
-17.4987	6.53E-05
-17.2487	6.55E-05
-16.9987	6.42E-05
-16.7487	6.04E-05
-16.4987	6.20E-05
-16.2487	6.29E-05
-15.9987	6.50E-05
-15.7487	6.13E-05
-15.4987	6.27E-05
-15.2487	5.91E-05
-14.9987	5.96E-05
-14.7487	6.19E-05
-14.4987	6.06E-05
-14.2487	5.94E-05
-13.9987	6.09E-05
-13.7487	6.00E-05
-13.4987	5.84E-05
-13.2487	5.69E-05
-12.9987	5.69E-05
-12.7487	5.94E-05
-12.4987	5.87E-05
-12.2487	5.92E-05
-11.9987	5.89E-05
-11.7487	5.72E-05
-11.4987	5.73E-05
-11.2487	5.38E-05
-10.9987	5.11E-05
-10.7487	5.31E-05
-10.4987	5.56E-05
-10.2487	5.20E-05
-9.99876	5.27E-05
-9.74875	5.29E-05
-9.49876	5.13E-05
-9.24876	5.25E-05
-8.99876	5.76E-05
-8.74876	5.45E-05
-8.49876	5.41E-05
-8.24878	5.59E-05
-7.99876	5.39E-05
-7.74878	5.66E-05
-7.49878	5.56E-05
-7.24878	5.51E-05
-6.99878	5.30E-05
-6.74878	5.20E-05
-6.49878	5.37E-05
-6.24878	5.25E-05
-5.99879	5.48E-05
-5.74878	5.23E-05
-5.49879	5.57E-05
-5.24879	5.54E-05
-4.99879	5.26E-05
-4.74879	5.09E-05
-4.49879	5.51E-05
-4.24879	5.36E-05
-3.99879	5.45E-05
-3.74881	5.05E-05
-3.49881	4.88E-05
-3.24881	5.45E-05
-2.99881	5.16E-05
-2.74881	5.38E-05
-2.49881	5.18E-05
-2.24881	5.18E-05
-1.99883	4.94E-05
-1.74883	5.12E-05
-1.49883	4.87E-05
-1.24883	5.26E-05
-0.998825	5.14E-05
-0.748825	5.08E-05
-0.498825	5.19E-05
-0.248825	4.91E-05
0.00117493	5.08E-05
0.25116	4.68E-05
0.50116	5.10E-05
0.75116	5.19E-05
1.00116	5.03E-05
1.25116	5.41E-05
1.50116	4.96E-05
1.75116	5.10E-05
2.00116	5.31E-05
2.25114	4.93E-05
2.50114	4.92E-05
2.75114	4.85E-05
3.00114	4.92E-05
3.25114	4.85E-05
3.50114	5.08E-05
3.75114	5.02E-05
4.00113	4.80E-05
4.25113	4.92E-05
4.50113	4.70E-05
4.75113	4.67E-05
5.00113	4.99E-05
5.2507	4.98E-05
5.50066	4.71E-05
5.75021	5.02E-05
6.00113	4.82E-05
6.25111	4.80E-05
6.50111	4.79E-05
6.75111	4.59E-05
7.00111	4.68E-05
7.25111	4.89E-05
7.50111	4.89E-05
7.75111	4.66E-05
8.0011	4.54E-05
8.25111	4.83E-05
8.5011	4.57E-05
8.7511	4.98E-05
9.0011	4.97E-05
9.2511	4.71E-05
9.50085	4.68E-05
9.75081	4.64E-05
10.0009	4.66E-05
10.2504	4.88E-05
10.5011	4.60E-05
10.7511	4.60E-05
11.0011	4.54E-05
11.2511	4.70E-05
11.5011	4.57E-05
11.7511	4.59E-05
12.0011	4.55E-05
12.2511	4.46E-05
12.5011	4.52E-05
12.7511	4.33E-05
13.0011	4.57E-05
13.2511	4.48E-05
13.5011	4.58E-05
13.7511	4.45E-05
14.0011	4.49E-05
14.2511	4.29E-05
14.5011	4.73E-05
14.7511	4.47E-05
15.0011	4.57E-05
15.2511	4.58E-05
15.5009	4.74E-05
15.7511	4.65E-05
16.001	4.32E-05
16.251	4.47E-05
16.501	4.38E-05
16.751	4.37E-05
17.001	4.46E-05
17.251	4.34E-05
17.501	4.48E-05
17.751	4.23E-05
18.001	4.27E-05
18.251	4.31E-05
18.501	4.67E-05
18.751	4.85E-05
19.001	4.68E-05
19.251	4.63E-05
19.501	4.48E-05
19.751	4.20E-05
20.001	4.46E-05
20.251	4.48E-05
20.501	4.52E-05
20.751	4.20E-05
21.001	4.45E-05
21.251	4.33E-05
21.501	4.43E-05
21.751	4.35E-05
22.001	4.39E-05
22.251	4.17E-05
22.501	4.40E-05
22.751	4.27E-05
23.001	4.74E-05
23.251	4.65E-05
23.501	4.39E-05
23.751	4.17E-05
24.001	4.41E-05
24.251	4.23E-05
24.501	3.99E-05
24.751	4.01E-05
25.001	4.18E-05
25.251	4.08E-05
25.501	3.87E-05
25.751	4.04E-05
26.001	3.96E-05
26.251	3.98E-05
26.501	4.21E-05
26.751	4.02E-05
27.001	4.04E-05
27.251	4.04E-05
27.5009	4.06E-05
27.751	3.91E-05
28.0009	3.58E-05
28.251	3.86E-05
28.5009	3.70E-05
28.7509	3.78E-05
29.0009	3.67E-05
29.2509	3.80E-05
29.5009	4.04E-05
29.7509	3.79E-05
30.0009	3.64E-05
30.2509	3.75E-05
30.5009	3.77E-05
30.7509	3.75E-05
31.0009	3.44E-05
31.2509	3.67E-05
31.5009	3.75E-05
31.7509	3.99E-05
32.0009	3.82E-05
32.2509	3.36E-05
32.5009	3.68E-05
32.7509	3.47E-05
33.0009	3.52E-05
33.2509	3.72E-05
33.5009	3.56E-05
33.7509	3.64E-05
34.0009	3.47E-05
34.2509	3.39E-05
34.5009	3.23E-05
34.7509	3.43E-05
35.0009	3.58E-05
35.2509	3.39E-05
35.5009	3.71E-05
35.7509	3.59E-05
36.0009	3.38E-05
36.2509	3.69E-05
36.5009	3.53E-05
36.7509	3.43E-05
37.0009	3.10E-05
37.2509	3.08E-05
37.5009	2.88E-05
37.7509	3.10E-05
38.0009	3.16E-05
38.2509	2.79E-05
38.5009	2.89E-05
38.7509	3.00E-05
39.0009	3.17E-05
39.2508	2.99E-05
39.5007	2.93E-05
39.7507	2.71E-05
40.0009	2.80E-05
40.2509	2.91E-05
40.5008	3.23E-05
40.7509	2.96E-05
41.0008	2.97E-05
41.2508	2.99E-05
41.5008	2.67E-05
41.7508	2.91E-05
42.0008	2.81E-05
42.2508	2.97E-05
42.5008	3.11E-05
42.7508	2.77E-05
43.0008	2.50E-05
43.2508	2.59E-05
43.5008	2.56E-05
43.7508	2.41E-05
44.0008	2.46E-05
44.2508	2.52E-05
44.5008	2.40E-05
44.7508	2.59E-05
45.0008	2.83E-05
45.2508	2.62E-05
45.5008	2.65E-05
45.7508	2.53E-05
46.0008	2.69E-05
46.2508	2.55E-05
46.5008	2.51E-05
46.7508	1.99E-05
47.0008	2.52E-05
47.2508	2.21E-05
47.5008	2.49E-05
47.7508	2.18E-05
48.0008	2.28E-05
48.2508	2.34E-05
48.5008	2.15E-05
48.7508	2.26E-05
49.0008	2.28E-05
49.2508	2.17E-05
49.5008	2.37E-05
49.7508	2.33E-05
50.0008	1.98E-05
50.2508	2.06E-05
50.5008	2.28E-05
50.7508	2.23E-05
51.0008	1.95E-05
51.2508	1.88E-05
51.5008	1.91E-05
51.7508	1.94E-05
52.0008	2.23E-05
52.2508	2.01E-05
52.5008	1.90E-05
52.7508	1.94E-05
53.0008	1.74E-05
53.2508	2.02E-05
53.5007	2.09E-05
53.7508	1.88E-05
54.0007	2.02E-05
54.2507	1.70E-05
54.5007	1.88E-05
54.7507	1.63E-05
55.0007	1.76E-05
55.2507	1.62E-05
55.5007	1.54E-05
55.7507	1.90E-05
56.0007	1.76E-05
56.2507	1.57E-05
56.5007	1.42E-05
56.7507	1.76E-05
57.0007	1.71E-05
57.2507	1.78E-05
57.5007	1.91E-05
57.7507	1.96E-05
58.0007	1.50E-05
58.2507	1.65E-05
58.5007	1.79E-05
58.7507	1.84E-05
59.0007	1.82E-05
59.2507	1.39E-05
59.5007	1.48E-05
59.7507	1.40E-05
60.0007	1.40E-05
60.2507	1.48E-05
60.5007	1.39E-05
60.7507	1.51E-05
61.0007	1.19E-05
61.2507	1.65E-05
61.5007	1.26E-05
61.7507	1.32E-05
62.0007	1.32E-05
62.2507	1.45E-05
62.5007	1.42E-05
62.7507	1.56E-05
63.0007	1.28E-05
63.2507	1.39E-05
63.5007	1.47E-05
63.7507	1.26E-05
64.0007	1.41E-05
64.2507	1.51E-05
64.5007	1.42E-05
64.7507	1.44E-05
65.0007	1.43E-05
65.2507	1.16E-05
65.5007	1.29E-05
65.7507	1.56E-05
66.0006	1.59E-05
66.2506	1.42E-05
66.5006	1.39E-05
66.7506	1.47E-05
66.9989	1.24E-05
67.2488	1.35E-05
67.5006	1.11E-05
67.7506	8.88E-06
68.0006	1.32E-05
68.2506	1.34E-05
68.5006	1.20E-05
68.7506	1.36E-05
69.0006	1.44E-05
69.2506	1.44E-05
69.5006	1.29E-05
69.7506	1.27E-05
70.0006	1.42E-05
70.2506	1.10E-05
70.5006	1.59E-05
70.7506	1.33E-05
71.0006	1.62E-05
71.2506	1.54E-05
71.5006	1.84E-05
71.7506	1.11E-05
72.0006	1.51E-05
72.2506	1.53E-05
72.5006	1.55E-05
72.7506	1.31E-05
73.0006	1.51E-05
73.2506	1.20E-05
73.5006	1.20E-05
73.7506	1.31E-05
74.0006	1.56E-05
74.2506	1.34E-05
74.5006	1.63E-05
74.7506	1.60E-05
75.0006	1.62E-05
75.2506	1.85E-05
75.5006	1.65E-05
75.7506	1.59E-05
75.9998	1.60E-05
76.2498	1.77E-05
76.4995	1.53E-05
76.7506	1.52E-05
77.0006	1.71E-05
77.2506	1.47E-05
77.5006	1.68E-05
77.7506	1.51E-05
78.0006	1.80E-05
78.2506	1.76E-05
78.5006	1.89E-05
78.7506	1.77E-05
79.0005	1.91E-05
79.2505	1.67E-05
79.5005	1.96E-05
79.7505	1.73E-05
80.0005	2.17E-05
80.2505	2.32E-05
80.5002	2.19E-05
80.7505	2.12E-05
81.0005	1.96E-05
81.2505	1.79E-05
81.5005	1.92E-05
81.7505	2.02E-05
82.0005	1.75E-05
82.2505	2.28E-05
82.5005	2.14E-05
82.7505	1.68E-05
83.0005	1.93E-05
83.2505	1.98E-05
83.5005	2.07E-05
83.7505	1.83E-05
84.0005	2.13E-05
84.2505	2.15E-05
84.5005	2.18E-05
84.7505	2.38E-05
85.0005	2.15E-05
85.2503	2.10E-05
85.5004	2.28E-05
85.7504	2.29E-05
86.0003	2.23E-05
86.25	2.66E-05
86.5005	2.34E-05
86.7505	2.09E-05
87.0005	2.28E-05
87.2505	2.07E-05
87.5005	2.22E-05
87.7505	2.55E-05
88.0005	2.08E-05
88.2505	2.38E-05
88.5005	2.14E-05
88.7505	2.44E-05
89.0005	2.21E-05
89.2505	2.04E-05
89.5005	2.26E-05
89.7505	1.98E-05
90.0005	2.12E-05
90.2505	2.19E-05
90.5005	1.95E-05
90.7505	2.46E-05
91.0005	2.12E-05
91.2505	2.51E-05
91.5005	2.43E-05
91.7505	2.33E-05
92.0005	2.21E-05
92.2505	2.12E-05
92.5005	2.26E-05
92.7504	2.56E-05
93.0004	2.15E-05
93.2504	1.87E-05
93.5004	2.16E-05
93.7504	2.37E-05
94.0004	1.97E-05
94.2504	2.12E-05
94.5004	2.34E-05
94.7504	2.19E-05
95.0004	2.14E-05
95.2504	2.27E-05
95.5004	2.37E-05
95.7504	2.03E-05
96.0004	2.49E-05
96.2504	2.23E-05
96.4984	2.09E-05
96.7482	1.92E-05
97.0004	1.93E-05
97.2504	2.03E-05
97.5004	1.90E-05
97.7504	1.96E-05
98.0004	2.21E-05
98.2504	1.83E-05
98.5004	2.31E-05
98.7504	2.09E-05
99.0004	1.86E-05
99.2504	1.85E-05
99.5004	2.06E-05
99.7504	1.75E-05
100	2.10E-05
100.25	1.76E-05
100.5	1.88E-05
100.75	1.94E-05
101	1.55E-05
101.25	1.73E-05
101.5	1.93E-05
101.75	1.81E-05
102	1.93E-05
102.25	1.80E-05
102.5	1.67E-05
102.75	1.70E-05
103	1.81E-05
103.25	1.65E-05
103.5	1.79E-05
103.75	1.66E-05
104	1.65E-05
104.25	1.31E-05
104.5	1.08E-05
104.75	1.16E-05
105	2.02E-05
105.25	1.59E-05
105.5	1.39E-05
105.75	1.28E-05
106	1.47E-05
106.25	1.53E-05
106.5	1.28E-05
106.75	1.40E-05
107	1.18E-05
107.25	1.40E-05
107.5	1.17E-05
107.75	1.17E-05
108	1.46E-05
108.25	1.42E-05
108.5	1.13E-05
108.75	9.60E-06
109	1.04E-05
109.25	1.17E-05
109.5	9.12E-06
109.75	8.23E-06
110	7.99E-06
110.25	1.17E-05
110.5	1.07E-05
110.75	1.01E-05
111	9.42E-06
111.25	9.60E-06
111.5	8.05E-06
111.75	9.54E-06
112	1.01E-05
112.25	9.06E-06
112.5	6.62E-06
112.75	9.42E-06
113	6.56E-06
113.25	1.08E-05
113.5	7.75E-06
113.75	8.88E-06
114	1.22E-05
114.25	9.89E-06
114.5	1.18E-05
114.75	8.23E-06
115	1.06E-05
115.25	6.79E-06
115.5	4.11E-06
115.75	6.26E-06
116	4.53E-06
116.25	4.41E-06
116.5	3.64E-06
116.75	5.96E-06
117	6.14E-06
117.25	5.42E-06
117.5	3.16E-06
117.75	5.13E-06
118	3.40E-06
118.25	4.23E-06
118.5	6.91E-06
118.75	4.05E-06
119	7.45E-06
119.25	7.87E-06
119.5	7.15E-06
119.75	3.81E-06
120	9.36E-06
120.25	3.87E-06
120.5	6.85E-06
120.75	7.21E-06
121	5.48E-06
121.25	2.86E-06
121.499	4.71E-06
121.75	3.99E-06
122	5.48E-06
122.25	3.99E-06
122.5	6.50E-06
122.75	3.76E-06
123	6.26E-06
123.25	8.64E-06
123.5	6.20E-06
123.75	6.20E-06
124	4.77E-06
124.25	2.26E-06
124.5	7.45E-06
124.75	7.15E-06
125	2.15E-06
125.25	5.25E-06
125.5	4.35E-06
125.75	7.27E-06
126	6.38E-06
126.25	4.71E-06
126.5	5.19E-06
126.75	5.54E-06
127	5.07E-06
127.25	6.68E-06
127.5	2.38E-06
127.75	6.20E-06
128	4.11E-06
128.25	7.33E-06
128.5	4.35E-06
128.75	3.70E-06
129	1.01E-05
129.25	6.91E-06
129.5	8.94E-06
129.75	5.30E-06
130	6.97E-06
130.25	1.13E-05
130.5	4.59E-06
130.75	1.11E-05
131	7.39E-06
131.25	9.95E-06
131.5	6.08E-06
131.75	8.58E-06
132	2.32E-06
132.25	6.85E-06
132.5	8.58E-06
132.75	9.60E-06
133	1.09E-05
133.25	1.07E-05
133.5	7.39E-06
133.75	1.33E-05
134	1.28E-05
134.25	1.27E-05
134.5	1.08E-05
134.75	1.30E-05
135	1.18E-05
135.25	1.14E-05
135.5	1.08E-05
135.75	1.10E-05
136	1.06E-05
136.25	1.20E-05
136.5	7.21E-06
136.75	1.31E-05
137	1.35E-05
137.25	1.06E-05
137.5	6.38E-06
137.75	1.16E-05
138	8.70E-06
138.25	9.24E-06
138.5	1.00E-05
138.75	8.29E-06
139	1.15E-05
139.25	1.03E-05
139.5	1.14E-05
139.75	1.40E-05
140	1.59E-05
140.25	1.58E-05
140.5	8.94E-06
140.75	1.19E-05
141	1.16E-05
141.25	1.15E-05
141.5	1.31E-05
141.75	1.20E-05
142	1.03E-05
142.25	1.42E-05
142.5	1.25E-05
142.75	1.28E-05
143	1.35E-05
143.25	1.34E-05
143.5	1.66E-05
143.75	1.53E-05
144	1.26E-05
144.25	1.56E-05
144.5	1.20E-05
144.75	9.54E-06
145	1.19E-05
145.25	1.33E-05
145.5	1.31E-05
145.75	1.17E-05
146	1.32E-05
146.25	1.47E-05
146.5	1.33E-05
146.75	1.48E-05
147	1.11E-05
147.25	1.70E-05
147.5	1.65E-05
147.75	1.50E-05
148	1.60E-05
148.25	1.78E-05
148.5	1.87E-05
148.75	1.87E-05
149	1.82E-05
149.25	1.62E-05
149.499	1.60E-05
149.749	1.70E-05
149.999	1.94E-05
150	1.85E-05
-33.9987	6.43E-05
-33.7487	6.13E-05
-33.4987	5.98E-05
-33.2487	5.97E-05
-32.9987	5.92E-05
-32.7487	5.64E-05
-32.4987	5.83E-05
-32.2487	5.49E-05
-31.9987	5.51E-05
-31.7487	5.41E-05
-31.4987	5.16E-05
-31.2487	5.05E-05
-30.9987	5.41E-05
-30.7487	5.24E-05
-30.4987	5.34E-05
-30.2487	4.98E-05
-29.9987	5.05E-05
-29.7487	5.11E-05
-29.4987	5.32E-05
-29.2487	4.96E-05
-28.9987	5.08E-05
-28.7487	4.89E-05
-28.4987	5.04E-05
-28.2487	4.64E-05
-27.9987	4.80E-05
-27.7487	5.01E-05
-27.4987	4.89E-05
-27.2487	4.89E-05
-26.9987	4.68E-05
-26.7487	4.88E-05
-26.4987	4.92E-05
-26.2487	4.78E-05
-25.9987	4.86E-05
-25.7487	4.91E-05
-25.4987	4.54E-05
-25.2487	5.02E-05
-24.9988	4.71E-05
-24.7487	4.71E-05
-24.4988	5.07E-05
-24.2488	4.54E-05
-23.9988	4.82E-05
-23.7488	4.77E-05
-23.4988	4.81E-05
-23.2488	4.58E-05
-22.9988	4.87E-05
-22.7488	4.80E-05
-22.4988	4.37E-05
-22.2488	4.45E-05
-21.9988	4.69E-05
-21.7488	5.08E-05
-21.4988	4.85E-05
-21.2488	4.62E-05
-20.9998	4.99E-05
-20.75	4.78E-05
-20.4988	4.79E-05
-20.2488	4.73E-05
-19.9988	4.85E-05
-19.7488	4.97E-05
-19.4988	4.77E-05
-19.2488	4.81E-05
-18.9988	4.49E-05
-18.7488	4.82E-05
-18.4988	4.70E-05
-18.2488	4.74E-05
-17.9988	4.90E-05
-17.7488	4.66E-05
-17.4988	4.46E-05
-17.2488	4.55E-05
-16.9988	4.80E-05
-16.7488	4.63E-05
-16.4988	4.39E-05
-16.2488	4.59E-05
-15.9988	4.46E-05
-15.7488	4.51E-05
-15.4988	4.61E-05
-15.2488	4.57E-05
-14.9988	4.41E-05
-14.7488	4.29E-05
-14.4988	4.57E-05
-14.2488	4.73E-05
-13.9988	4.61E-05
-13.7488	4.48E-05
-13.4988	4.33E-05
-13.2488	4.09E-05
-12.9988	4.64E-05
-12.7489	4.58E-05
-12.4989	4.62E-05
-12.2489	4.54E-05
-11.9989	4.43E-05
-11.7489	4.54E-05
-11.4989	4.41E-05
-11.2489	4.63E-05
-10.9989	4.49E-05
-10.7489	4.60E-05
-10.4989	4.66E-05
-10.2489	4.44E-05
-9.99887	4.54E-05
-9.74887	4.54E-05
-9.49887	4.80E-05
-9.24889	4.63E-05
-8.99887	4.39E-05
-8.74889	4.35E-05
-8.49889	4.28E-05
-8.24889	4.51E-05
-7.99889	4.37E-05
-7.74889	4.15E-05
-7.49889	4.41E-05
-7.24889	4.48E-05
-6.9989	4.45E-05
-6.74889	4.57E-05
-6.4989	4.29E-05
-6.2489	4.46E-05
-5.9989	4.46E-05
-5.7489	4.40E-05
-5.4989	4.32E-05
-5.24892	4.55E-05
-4.9989	4.63E-05
-4.74892	4.39E-05
-4.49892	4.26E-05
-4.24892	4.46E-05
-3.99892	4.29E-05
-3.74892	4.47E-05
-3.49893	4.51E-05
-3.24892	4.51E-05
-2.99893	4.38E-05
-2.74892	4.47E-05
-2.49893	4.48E-05
-2.24893	4.59E-05
-1.99893	4.63E-05
-1.74893	4.64E-05
-1.49893	4.71E-05
-1.24895	4.65E-05
-0.998932	4.40E-05
-0.74942	4.24E-05
-0.499756	4.51E-05
-0.249557	4.44E-05
0.00105286	4.70E-05
0.251053	4.58E-05
0.501038	4.49E-05
0.751053	4.35E-05
1.00104	4.39E-05
1.25104	4.55E-05
1.50104	4.74E-05
1.75104	4.57E-05
2.00104	4.46E-05
2.25102	4.38E-05
2.50104	4.54E-05
2.75102	4.53E-05
3.00104	4.49E-05
3.25102	4.45E-05
3.50102	4.58E-05
3.75102	4.75E-05
4.00102	4.68E-05
4.25102	4.66E-05
4.50101	4.68E-05
4.75102	4.58E-05
5.00101	4.24E-05
5.25101	4.52E-05
5.50101	4.29E-05
5.75101	4.51E-05
6.00101	4.38E-05
6.25099	4.68E-05
6.50101	4.64E-05
6.75099	4.59E-05
7.001	4.80E-05
7.25099	4.48E-05
7.501	4.61E-05
7.75099	4.71E-05
8.00098	4.28E-05
8.25098	4.29E-05
8.50098	4.30E-05
8.75089	4.35E-05
9.00098	4.52E-05
9.25098	4.51E-05
9.50098	4.38E-05
9.75098	4.54E-05
10.001	4.52E-05
10.251	4.23E-05
10.501	4.32E-05
10.751	4.46E-05
11.001	4.02E-05
11.251	4.29E-05
11.501	4.28E-05
11.751	4.30E-05
12.001	4.31E-05
12.251	4.66E-05
12.5009	4.38E-05
12.751	3.99E-05
13.0009	3.97E-05
13.251	4.20E-05
13.5009	4.24E-05
13.7509	3.81E-05
14.0009	4.00E-05
14.2509	4.15E-05
14.5009	4.25E-05
14.7509	4.02E-05
15.0009	4.12E-05
15.2509	3.93E-05
15.5009	4.03E-05
15.7509	3.74E-05
16.0009	3.77E-05
16.2509	3.96E-05
16.5009	4.09E-05
16.7509	3.92E-05
17.0009	4.04E-05
17.2509	4.09E-05
17.5009	4.42E-05
17.7509	3.87E-05
18.0009	3.72E-05
18.2509	3.80E-05
18.5009	4.15E-05
18.7509	4.08E-05
19.0009	3.61E-05
19.2509	3.68E-05
19.5009	3.80E-05
19.7509	3.72E-05
20.0009	4.00E-05
20.2509	3.83E-05
20.5009	4.06E-05
20.7509	4.07E-05
21.0009	3.70E-05
21.2509	4.11E-05
21.5009	3.98E-05
21.7509	3.98E-05
22.0009	4.00E-05
22.2509	4.01E-05
22.5009	3.82E-05
22.7509	3.68E-05
23.0009	3.78E-05
23.2509	3.58E-05
23.5009	3.64E-05
23.7509	3.58E-05
24.0009	4.12E-05
24.2509	3.88E-05
24.5008	4.01E-05
24.7509	3.56E-05
25.0008	3.45E-05
25.2508	3.42E-05
25.5006	3.64E-05
25.7508	3.71E-05
25.9998	3.58E-05
26.2499	3.49E-05
26.4993	3.55E-05
26.7492	3.65E-05
27.0008	3.78E-05
27.2508	3.62E-05
27.5008	3.67E-05
27.7508	3.48E-05
28.0008	3.36E-05
28.2508	3.52E-05
28.5008	3.70E-05
28.7508	3.33E-05
29.0008	3.47E-05
29.2508	2.91E-05
29.5008	3.44E-05
29.7508	3.42E-05
30.0008	3.38E-05
30.2508	3.46E-05
30.5008	3.40E-05
30.7508	3.49E-05
31.0008	3.47E-05
31.2508	3.90E-05
31.5008	3.38E-05
31.7508	3.14E-05
32.0008	3.19E-05
32.2508	3.46E-05
32.5008	3.08E-05
32.7508	3.24E-05
33.0008	3.30E-05
33.2508	3.17E-05
33.5008	3.15E-05
33.7508	3.35E-05
34.0008	3.19E-05
34.2508	3.38E-05
34.5008	3.11E-05
34.7508	3.12E-05
35.0008	3.28E-05
35.2508	3.16E-05
35.5008	3.19E-05
35.749	3.13E-05
36.0008	3.21E-05
36.2508	2.64E-05
36.5008	3.11E-05
36.7508	2.91E-05
37.0008	2.97E-05
37.2508	2.94E-05
37.5008	2.89E-05
37.7508	3.09E-05
38.0008	2.99E-05
38.2508	2.72E-05
38.5007	3.00E-05
38.7508	2.94E-05
39.0007	3.00E-05
39.2507	2.96E-05
39.5007	3.17E-05
39.7507	2.90E-05
40.0007	2.74E-05
40.2507	3.03E-05
40.5007	2.79E-05
40.7507	2.44E-05
41.0007	2.88E-05
41.2507	2.80E-05
41.5007	2.84E-05
41.7507	2.59E-05
42.0007	2.65E-05
42.2507	2.52E-05
42.5007	2.75E-05
42.7507	2.79E-05
43.0007	2.99E-05
43.2507	2.91E-05
43.5007	2.68E-05
43.7505	2.77E-05
44.0004	2.93E-05
44.2507	2.72E-05
44.5007	3.00E-05
44.7507	2.71E-05
45.0007	2.55E-05
45.2507	2.49E-05
45.5007	2.99E-05
45.7507	2.62E-05
46.0007	2.81E-05
46.2507	2.77E-05
46.5007	2.66E-05
46.7507	2.46E-05
47.0007	2.52E-05
47.2507	2.26E-05
47.5007	2.40E-05
47.7507	2.80E-05
48.0007	2.65E-05
48.2507	2.41E-05
48.5007	2.49E-05
48.7507	2.46E-05
49.0007	2.68E-05
49.2507	2.44E-05
49.5007	2.29E-05
49.7507	2.56E-05
50.0007	2.43E-05
50.2507	2.50E-05
50.5007	2.28E-05
50.7507	2.38E-05
51.0006	2.12E-05
51.2506	2.30E-05
51.5006	2.30E-05
51.7506	2.34E-05
52.0006	2.15E-05
52.2506	2.10E-05
52.5006	2.15E-05
52.7506	2.03E-05
53.0006	2.13E-05
53.2506	2.00E-05
53.5006	2.06E-05
53.7506	2.10E-05
54.0006	2.04E-05
54.2506	1.79E-05
54.5006	2.07E-05
54.7506	1.76E-05
55.0006	1.96E-05
55.2506	1.97E-05
55.5006	1.85E-05
55.7506	1.94E-05
56.0006	1.72E-05
56.2506	1.70E-05
56.5006	2.00E-05
56.7506	1.81E-05
57.0006	1.76E-05
57.2506	1.82E-05
57.5006	1.70E-05
57.7506	1.59E-05
58.0006	2.04E-05
58.2506	1.65E-05
58.5006	1.66E-05
58.7506	1.79E-05
59.0006	1.65E-05
59.2506	1.65E-05
59.5006	1.45E-05
59.7506	1.76E-05
60.0006	1.94E-05
60.2506	1.59E-05
60.5006	1.43E-05
60.7506	1.47E-05
61.0006	1.44E-05
61.2506	1.69E-05
61.5006	1.47E-05
61.7506	1.69E-05
62.0006	1.66E-05
62.2506	1.51E-05
62.5006	1.76E-05
62.7506	1.79E-05
62.9999	1.72E-05
63.2506	1.69E-05
63.5006	1.66E-05
63.7506	1.45E-05
64.0005	1.65E-05
64.2505	1.33E-05
64.5005	1.43E-05
64.7505	1.32E-05
65.0005	1.51E-05
65.2505	1.26E-05
65.5005	1.25E-05
65.7505	1.03E-05
66.0005	1.12E-05
66.2505	1.39E-05
66.5005	9.78E-06
66.7505	9.66E-06
67.0005	1.24E-05
67.2505	1.22E-05
67.5005	1.11E-05
67.7505	1.23E-05
68.0005	9.95E-06
68.2505	1.22E-05
68.5005	1.28E-05
68.7505	1.15E-05
69.0005	1.28E-05
69.2505	8.23E-06
69.5005	8.17E-06
69.7505	1.06E-05
70.0005	9.12E-06
70.2505	1.30E-05
70.5005	1.23E-05
70.7505	9.06E-06
71.0005	8.17E-06
71.2505	8.29E-06
71.5005	1.04E-05
71.7505	8.46E-06
72.0005	8.29E-06
72.2505	7.39E-06
72.5004	8.17E-06
72.7505	9.78E-06
73.0005	1.14E-05
73.2505	1.06E-05
73.5005	9.18E-06
73.7505	7.21E-06
74.0005	7.33E-06
74.2505	4.95E-06
74.5005	7.75E-06
74.7505	5.84E-06
75.0005	1.04E-05
75.2505	8.82E-06
75.5005	7.99E-06
75.7505	9.60E-06
76.0005	1.04E-05
76.2505	7.63E-06
76.5005	9.60E-06
76.7505	1.25E-05
77.0005	1.17E-05
77.2504	1.13E-05
77.5005	1.28E-05
77.7504	1.23E-05
78.0004	1.29E-05
78.2504	9.06E-06
78.5004	8.76E-06
78.7504	1.06E-05
79.0004	1.14E-05
79.2504	1.03E-05
79.5004	1.19E-05
79.7504	1.26E-05
80.0004	1.41E-05
80.2504	1.13E-05
80.5004	1.13E-05
80.7504	9.66E-06
81.0004	1.28E-05
81.2504	1.13E-05
81.5004	1.25E-05
81.7504	1.47E-05
82.0004	1.19E-05
82.2504	1.47E-05
82.5004	1.36E-05
82.7504	1.51E-05
83.0004	1.42E-05
83.2504	1.61E-05
83.5004	1.72E-05
83.7504	1.32E-05
84.0004	1.76E-05
84.2504	1.90E-05
84.5004	2.02E-05
84.7504	1.82E-05
85.0004	1.72E-05
85.2504	1.90E-05
85.5004	1.89E-05
85.7504	1.82E-05
86.0004	1.99E-05
86.2504	1.81E-05
86.5004	2.00E-05
86.7504	2.06E-05
87.0004	2.17E-05
87.2504	2.15E-05
87.5004	2.01E-05
87.7504	1.85E-05
88.0004	2.01E-05
88.2504	1.90E-05
88.4998	1.72E-05
88.7494	1.90E-05
89.0004	2.13E-05
89.2504	1.51E-05
89.5004	1.42E-05
89.7504	1.77E-05
90.0004	1.93E-05
90.2503	1.61E-05
90.5003	1.90E-05
90.7503	1.69E-05
91.0003	1.67E-05
91.2503	1.44E-05
91.5003	1.63E-05
91.7503	1.47E-05
92.0003	1.31E-05
92.2503	1.51E-05
92.5003	1.26E-05
92.7503	1.56E-05
93.0003	1.28E-05
93.2503	1.10E-05
93.5003	1.27E-05
93.7503	1.27E-05
94.0003	1.44E-05
94.2503	1.36E-05
94.5003	9.60E-06
94.7503	1.08E-05
95.0003	1.25E-05
95.2503	1.22E-05
95.5003	1.22E-05
95.7503	1.20E-05
96.0003	1.13E-05
96.2503	5.13E-06
96.5003	1.07E-05
96.7502	1.20E-05
97.0003	1.16E-05
97.2503	1.20E-05
97.5003	9.83E-06
97.7503	1.10E-05
98.0003	1.51E-05
98.2503	1.30E-05
98.5003	1.36E-05
98.7503	7.99E-06
99.0003	1.22E-05
99.2497	1.30E-05
99.5003	1.03E-05
99.7503	8.52E-06
100	1.21E-05
100.25	1.12E-05
100.5	9.78E-06
100.75	1.10E-05
101	8.58E-06
101.25	5.25E-06
101.5	9.48E-06
101.75	5.60E-06
102	9.36E-06
102.25	5.19E-06
102.5	7.69E-06
102.75	8.23E-06
103	7.93E-06
103.25	8.64E-06
103.5	7.45E-06
103.75	6.08E-06
104	9.78E-06
104.25	8.46E-06
104.5	9.66E-06
104.75	9.66E-06
105	9.06E-06
105.25	1.10E-05
105.5	9.12E-06
105.75	8.17E-06
106	1.17E-05
106.25	9.42E-06
106.5	1.02E-05
106.75	9.36E-06
107	8.40E-06
107.25	2.15E-06
107.5	1.13E-05
107.75	1.08E-05
108	8.82E-06
108.25	1.01E-05
108.5	8.05E-06
108.75	8.70E-06
109	6.38E-06
109.25	6.97E-06
109.5	1.31E-05
109.75	1.17E-05
110	8.17E-06
110.25	7.63E-06
110.5	1.22E-05
110.749	8.05E-06
110.999	9.54E-06
111.249	1.26E-05
111.5	9.24E-06
111.75	9.66E-06
112	7.39E-06
112.25	8.29E-06
112.5	1.03E-05
112.75	1.23E-05
113	9.95E-06
113.25	9.78E-06
113.5	1.17E-05
113.75	4.23E-06
114	7.57E-06
114.25	8.40E-06
114.5	9.12E-06
114.75	1.03E-05
115	1.17E-05
115.25	9.30E-06
115.5	8.76E-06
115.75	7.69E-06
116	9.89E-06
116.25	1.11E-05
116.5	9.30E-06
116.75	1.11E-05
117	6.62E-06
117.25	9.60E-06
117.5	9.48E-06
117.75	1.07E-05
118	1.02E-05
118.25	1.07E-05
118.5	1.28E-05
118.75	1.01E-05
119	1.05E-05
119.25	1.36E-05
119.5	1.34E-05
119.75	1.48E-05
120	1.38E-05
120.25	1.75E-05
120.5	1.67E-05
120.75	1.67E-05
121	1.67E-05
121.25	1.38E-05
121.5	1.68E-05
121.75	1.65E-05
122	1.60E-05
122.25	1.87E-05
122.5	1.96E-05
122.75	1.96E-05
123	1.84E-05
123.25	1.52E-05
123.5	1.66E-05
123.75	1.70E-05
124	1.78E-05
124.25	1.83E-05
124.5	1.90E-05
124.75	1.84E-05
125	1.90E-05
125.25	1.85E-05
125.5	1.68E-05
125.75	1.70E-05
126	1.39E-05
126.25	1.72E-05
126.5	2.21E-05
126.75	2.08E-05
127	1.96E-05
127.25	1.97E-05
127.5	1.84E-05
127.75	2.01E-05
128	1.68E-05
128.25	1.87E-05
128.5	1.84E-05
128.75	2.28E-05
129	2.27E-05
129.25	2.18E-05
129.5	2.19E-05
129.75	1.96E-05
130	1.85E-05
130.25	1.45E-05
130.5	1.76E-05
130.75	1.96E-05
131	1.81E-05
131.25	1.86E-05
131.5	1.55E-05
131.75	1.75E-05
132	1.49E-05
132.25	1.82E-05
132.5	1.85E-05
132.75	1.94E-05
133	1.68E-05
133.25	1.62E-05
133.5	1.81E-05
133.75	2.02E-05
134	2.09E-05
134.25	1.55E-05
134.5	1.91E-05
134.75	1.94E-05
135	1.91E-05
135	2.05E-05
-48.9987	5.04E-05
-48.7487	4.85E-05
-48.4987	4.99E-05
-48.2487	4.68E-05
-47.9987	4.45E-05
-47.7487	4.71E-05
-47.4987	4.46E-05
-47.2487	4.43E-05
-46.9987	3.98E-05
-46.7487	3.90E-05
-46.4999	3.93E-05
-46.2504	3.89E-05
-45.9987	3.86E-05
-45.7487	3.61E-05
-45.4987	4.13E-05
-45.2487	3.80E-05
-44.9987	3.83E-05
-44.7487	4.15E-05
-44.4987	3.67E-05
-44.2487	3.56E-05
-43.9987	4.04E-05
-43.7487	3.70E-05
-43.4987	3.77E-05
-43.2487	4.03E-05
-42.9987	3.99E-05
-42.7487	3.82E-05
-42.4987	3.72E-05
-42.2487	3.28E-05
-41.9987	3.35E-05
-41.7487	3.49E-05
-41.4998	3.14E-05
-41.2487	3.19E-05
-40.9987	3.31E-05
-40.7487	3.33E-05
-40.4987	3.11E-05
-40.2487	2.96E-05
-39.9988	3.38E-05
-39.7487	3.31E-05
-39.4988	3.54E-05
-39.2488	3.44E-05
-38.9988	3.20E-05
-38.7488	3.34E-05
-38.4988	3.24E-05
-38.2488	3.52E-05
-37.9988	3.19E-05
-37.7488	3.52E-05
-37.4988	3.40E-05
-37.2488	3.22E-05
-36.9988	3.02E-05
-36.7488	3.25E-05
-36.4988	3.50E-05
-36.2488	3.51E-05
-35.9988	2.99E-05
-35.7488	3.30E-05
-35.4988	3.02E-05
-35.2488	3.24E-05
-34.9988	3.59E-05
-34.7488	3.27E-05
-34.4988	3.39E-05
-34.2488	3.60E-05
-33.9988	3.35E-05
-33.7488	3.21E-05
-33.4988	3.45E-05
-33.2488	3.35E-05
-32.9988	3.53E-05
-32.7488	3.36E-05
-32.4988	3.30E-05
-32.2492	3.43E-05
-31.9992	3.35E-05
-31.749	3.39E-05
-31.4988	3.25E-05
-31.2494	3.49E-05
-30.9988	3.42E-05
-30.7488	3.43E-05
-30.4988	3.67E-05
-30.2488	3.56E-05
-29.9988	3.71E-05
-29.7488	3.69E-05
-29.4988	3.53E-05
-29.2488	3.72E-05
-28.9988	3.61E-05
-28.7488	3.58E-05
-28.4988	3.56E-05
-28.2488	3.49E-05
-27.9988	3.43E-05
-27.7489	3.44E-05
-27.4989	3.29E-05
-27.2489	3.42E-05
-26.9989	3.50E-05
-26.7489	3.46E-05
-26.4989	3.30E-05
-26.2489	3.56E-05
-25.9989	3.50E-05
-25.7489	3.29E-05
-25.4998	3.33E-05
-25.2504	3.44E-05
-24.9989	3.36E-05
-24.7489	3.49E-05
-24.4989	3.45E-05
-24.2489	3.39E-05
-23.9989	3.30E-05
-23.7489	3.79E-05
-23.4989	3.28E-05
-23.2489	3.09E-05
-22.9989	3.39E-05
-22.7489	3.69E-05
-22.4989	3.41E-05
-22.2489	3.44E-05
-21.9989	3.42E-05
-21.7489	3.45E-05
-21.4989	3.29E-05
-21.2489	3.80E-05
-20.9989	3.40E-05
-20.7489	3.67E-05
-20.4989	3.58E-05
-20.2489	3.16E-05
-19.9989	3.17E-05
-19.7492	3.32E-05
-19.4991	3.78E-05
-19.2489	3.75E-05
-18.9989	3.53E-05
-18.7489	3.64E-05
-18.4989	3.59E-05
-18.2489	3.57E-05
-17.9989	3.44E-05
-17.7489	3.61E-05
-17.4989	3.41E-05
-17.2489	3.59E-05
-16.9989	3.23E-05
-16.7489	3.81E-05
-16.4989	3.67E-05
-16.2489	3.44E-05
-15.9989	3.76E-05
-15.7489	3.47E-05
-15.4992	3.33E-05
-15.2506	3.83E-05
-15	3.56E-05
-14.7507	3.50E-05
-14.499	3.45E-05
-14.2489	3.59E-05
-13.999	3.99E-05
-13.749	3.47E-05
-13.499	3.64E-05
-13.249	3.44E-05
-12.999	3.70E-05
-12.749	3.50E-05
-12.499	3.44E-05
-12.249	3.49E-05
-11.999	3.46E-05
-11.749	3.86E-05
-11.499	3.42E-05
-11.249	3.69E-05
-10.999	3.64E-05
-10.749	3.67E-05
-10.499	3.61E-05
-10.249	3.59E-05
-9.99899	3.66E-05
-9.74899	3.46E-05
-9.49899	3.83E-05
-9.24899	3.90E-05
-8.99899	3.61E-05
-8.74901	3.71E-05
-8.49899	3.69E-05
-8.24901	3.72E-05
-7.999	3.67E-05
-7.74906	3.84E-05
-7.499	3.65E-05
-7.24901	3.73E-05
-6.99902	3.78E-05
-6.74902	3.55E-05
-6.49902	3.43E-05
-6.24902	3.70E-05
-5.99902	3.76E-05
-5.74902	3.80E-05
-5.49902	3.52E-05
-5.24902	3.57E-05
-4.99902	3.71E-05
-4.74903	3.68E-05
-4.49903	3.57E-05
-4.24904	3.71E-05
-3.99903	3.71E-05
-3.74904	3.70E-05
-3.49904	3.80E-05
-3.24904	3.24E-05
-2.99904	3.67E-05
-2.74905	3.59E-05
-2.49905	3.54E-05
-2.24905	3.44E-05
-1.99905	3.70E-05
-1.7499	3.59E-05
-1.49905	3.34E-05
-1.24905	3.66E-05
-0.999062	3.64E-05
-0.749062	3.73E-05
-0.499062	3.56E-05
-0.249069	3.47E-05
0.000938416	3.46E-05
0.250931	3.58E-05
0.500931	3.72E-05
0.750923	3.21E-05
1.00093	3.77E-05
1.25092	3.59E-05
1.50092	3.37E-05
1.75092	3.74E-05
2.00092	3.76E-05
2.25092	3.66E-05
2.50092	3.64E-05
2.75092	3.41E-05
3.00091	3.77E-05
3.25092	3.50E-05
3.50091	3.34E-05
3.7509	3.50E-05
4.00091	3.50E-05
4.2509	3.64E-05
4.5009	3.81E-05
4.75089	3.50E-05
5.0009	3.99E-05
5.25089	3.65E-05
5.50089	3.58E-05
5.75089	3.71E-05
6.00089	3.83E-05
6.25089	3.65E-05
6.50088	3.56E-05
6.75089	3.38E-05
7.00088	3.78E-05
7.25089	3.76E-05
7.50088	3.39E-05
7.75087	3.73E-05
8.00087	3.51E-05
8.25087	3.83E-05
8.50087	3.41E-05
8.75086	3.67E-05
9.00087	3.49E-05
9.25086	3.89E-05
9.50086	3.49E-05
9.75086	3.56E-05
10.0009	3.51E-05
10.2509	3.45E-05
10.5008	3.66E-05
10.7509	3.65E-05
11.0008	3.61E-05
11.2508	3.39E-05
11.5008	3.54E-05
11.7508	3.34E-05
12.0008	3.47E-05
12.2508	3.40E-05
12.5008	3.47E-05
12.7508	3.22E-05
12.9998	3.43E-05
13.2498	3.73E-05
13.4996	3.46E-05
13.7508	3.49E-05
14.0008	3.43E-05
14.2508	3.38E-05
14.5008	3.31E-05
14.7508	3.44E-05
15.0008	3.77E-05
15.2508	3.43E-05
15.5008	3.40E-05
15.7508	3.52E-05
16.0008	3.47E-05
16.2508	3.83E-05
16.5008	3.20E-05
16.7508	3.17E-05
17.0008	3.59E-05
17.2508	3.27E-05
17.5008	3.40E-05
17.7508	3.22E-05
18.0008	3.28E-05
18.2508	3.28E-05
18.4999	3.15E-05
18.7508	3.22E-05
19.0008	3.19E-05
19.2508	3.30E-05
19.5008	3.14E-05
19.7508	3.32E-05
20.0008	3.39E-05
20.2508	3.47E-05
20.5008	3.14E-05
20.7508	3.05E-05
21.0008	3.08E-05
21.2508	3.37E-05
21.5008	3.09E-05
21.7508	3.27E-05
22.0008	3.36E-05
22.2508	3.19E-05
22.5008	2.96E-05
22.7508	3.19E-05
23.0008	3.34E-05
23.2508	3.20E-05
23.5007	3.06E-05
23.7508	3.01E-05
24.0007	3.33E-05
24.2507	2.97E-05
24.5007	3.36E-05
24.7507	2.94E-05
25.0007	3.21E-05
25.2507	3.02E-05
25.5007	3.21E-05
25.7507	3.18E-05
26.0007	3.12E-05
26.2507	2.88E-05
26.5007	3.00E-05
26.75	3.09E-05
26.9999	2.64E-05
27.2507	3.22E-05
27.5007	3.22E-05
27.7507	3.00E-05
28.0007	2.99E-05
28.2507	2.77E-05
28.5007	3.27E-05
28.7507	2.97E-05
29.0007	2.90E-05
29.2507	3.06E-05
29.5007	2.96E-05
29.7507	3.08E-05
30.0007	3.39E-05
30.2507	2.62E-05
30.5007	2.93E-05
30.7507	3.00E-05
31.0007	2.68E-05
31.2507	2.79E-05
31.5007	2.73E-05
31.7507	2.86E-05
32.0007	2.95E-05
32.2507	2.91E-05
32.5007	2.64E-05
32.7507	2.74E-05
33.0007	2.80E-05
33.2507	2.86E-05
33.5007	2.88E-05
33.7507	2.59E-05
34.0007	2.56E-05
34.2507	2.70E-05
34.5007	2.69E-05
34.7507	2.96E-05
35.0007	2.72E-05
35.2507	2.61E-05
35.5007	2.91E-05
35.7507	3.00E-05
36.0006	3.03E-05
36.2506	2.76E-05
36.5006	2.52E-05
36.7506	2.62E-05
37.0006	2.61E-05
37.2506	2.38E-05
37.5006	2.52E-05
37.7506	2.41E-05
38.0006	2.60E-05
38.2506	2.30E-05
38.5006	2.69E-05
38.7506	2.46E-05
39.0006	2.72E-05
39.2506	2.40E-05
39.5006	2.44E-05
39.7506	2.71E-05
40.0006	2.58E-05
40.2506	2.62E-05
40.5006	2.49E-05
40.7506	2.71E-05
41.0006	2.48E-05
41.2506	2.46E-05
41.5006	2.56E-05
41.7506	2.24E-05
42.0006	2.57E-05
42.2506	2.72E-05
42.5006	2.43E-05
42.7506	2.68E-05
43.0006	2.50E-05
43.2506	2.45E-05
43.5006	2.52E-05
43.7506	2.41E-05
44.0006	2.56E-05
44.2506	2.56E-05
44.5006	2.87E-05
44.7506	2.43E-05
45.0006	2.22E-05
45.2506	2.40E-05
45.5006	2.43E-05
45.7506	2.55E-05
46.0006	2.40E-05
46.2501	2.43E-05
46.5006	2.44E-05
46.7506	2.58E-05
47.0006	2.77E-05
47.2506	3.09E-05
47.5006	2.87E-05
47.7506	2.86E-05
48.0006	2.24E-05
48.2506	2.67E-05
48.5006	2.46E-05
48.7506	2.65E-05
49.0005	2.58E-05
49.2505	2.62E-05
49.5005	2.96E-05
49.7505	2.53E-05
50.0005	2.57E-05
50.2505	2.35E-05
50.5005	2.56E-05
50.7505	2.68E-05
51.0005	2.54E-05
51.2505	2.93E-05
51.5005	2.75E-05
51.7505	2.63E-05
52.0005	2.88E-05
52.2505	2.74E-05
52.5005	2.58E-05
52.7505	2.82E-05
53.0005	2.69E-05
53.2505	2.82E-05
53.5005	2.76E-05
53.7505	2.70E-05
54.0005	2.63E-05
54.2505	3.14E-05
54.5005	3.05E-05
54.7505	3.00E-05
55.0005	2.80E-05
55.2505	3.00E-05
55.5005	2.72E-05
55.7505	2.75E-05
56.0005	2.75E-05
56.2505	2.94E-05
56.5005	2.65E-05
56.7505	2.78E-05
57.0005	3.21E-05
57.2505	2.93E-05
57.5005	3.19E-05
57.7505	3.11E-05
58.0005	3.24E-05
58.2505	3.03E-05
58.5005	3.03E-05
58.7505	3.24E-05
59.0005	3.24E-05
59.2505	3.33E-05
59.5005	3.02E-05
59.7505	3.12E-05
60.0005	2.88E-05
60.2505	2.90E-05
60.5005	3.24E-05
60.7505	2.91E-05
61	3.08E-05
61.25	3.17E-05
61.5004	3.15E-05
61.7505	2.62E-05
62.0004	2.95E-05
62.2505	2.96E-05
62.5003	3.14E-05
62.7504	3.24E-05
63.0004	2.91E-05
63.2504	2.81E-05
63.5004	3.21E-05
63.7504	3.27E-05
64.0004	3.28E-05
64.2504	2.87E-05
64.5004	2.63E-05
64.7504	3.19E-05
65.0004	3.19E-05
65.2504	3.55E-05
65.5004	3.31E-05
65.7504	2.86E-05
66.0004	2.56E-05
66.2504	2.74E-05
66.5004	2.90E-05
66.7504	2.70E-05
67.0004	2.60E-05
67.2504	2.69E-05
67.5004	2.90E-05
67.7504	2.87E-05
68.0004	2.52E-05
68.2504	2.57E-05
68.5004	2.77E-05
68.7504	2.67E-05
69.0004	2.54E-05
69.2504	2.35E-05
69.5004	2.27E-05
69.7504	2.24E-05
70.0004	2.37E-05
70.2504	2.34E-05
70.5004	2.34E-05
70.7504	2.47E-05
71.0004	2.51E-05
71.2504	2.65E-05
71.5004	2.76E-05
71.7504	2.48E-05
71.9989	2.62E-05
72.2484	2.46E-05
72.5004	2.41E-05
72.7504	2.44E-05
73.0004	2.61E-05
73.2504	2.36E-05
73.5004	2.32E-05
73.7504	2.41E-05
74.0004	2.52E-05
74.2504	2.18E-05
74.5004	2.32E-05
74.7504	2.31E-05
75.0004	2.43E-05
75.2503	2.31E-05
75.5003	2.46E-05
75.7503	1.96E-05
76.0003	2.27E-05
76.2503	2.41E-05
76.5003	1.95E-05
76.7503	2.22E-05
77.0003	2.32E-05
77.2503	2.44E-05
77.5003	2.30E-05
77.7503	2.12E-05
78.0003	2.14E-05
78.2503	2.26E-05
78.5003	2.37E-05
78.7503	2.10E-05
79.0003	2.46E-05
79.2503	2.07E-05
79.5	1.82E-05
79.7503	1.69E-05
80.0003	1.35E-05
80.2503	1.65E-05
80.5003	1.47E-05
80.7503	1.60E-05
81.0003	1.45E-05
81.2503	1.27E-05
81.5003	1.57E-05
81.7503	1.54E-05
82.0003	1.53E-05
82.2503	1.33E-05
82.5003	1.70E-05
82.7503	1.41E-05
83.0003	1.55E-05
83.2503	1.03E-05
83.5003	1.13E-05
83.7503	1.31E-05
84.0001	1.08E-05
84.2499	6.74E-06
84.5	7.21E-06
84.7503	6.38E-06
85.0003	8.46E-06
85.2503	8.46E-06
85.5003	5.48E-06
85.7503	5.36E-06
86.0003	8.34E-06
86.2503	9.83E-06
86.5003	1.13E-05
86.7503	1.27E-05
87.0003	1.10E-05
87.2503	1.23E-05
87.5003	1.33E-05
87.7503	9.36E-06
88.0002	1.13E-05
88.2501	1.08E-05
88.5002	1.20E-05
88.7498	1.22E-05
89.0002	7.45E-06
89.2502	1.17E-05
89.5002	7.63E-06
89.7502	8.88E-06
90.0002	1.10E-05
90.2502	1.24E-05
90.5002	6.62E-06
90.7502	7.99E-06
91.0002	1.06E-05
91.2502	9.18E-06
91.5002	9.66E-06
91.7502	1.03E-05
92.0002	1.06E-05
92.2502	9.36E-06
92.5002	7.99E-06
92.7502	9.89E-06
93.0002	9.12E-06
93.2502	1.11E-05
93.5002	1.11E-05
93.7502	7.93E-06
94.0002	9.83E-06
94.2502	1.03E-05
94.5002	9.36E-06
94.7502	1.23E-05
95.0002	7.21E-06
95.2502	9.89E-06
95.5002	7.45E-06
95.7502	4.83E-06
96.0002	9.12E-06
96.2502	8.52E-06
96.5002	1.06E-05
96.749	1.09E-05
97.0002	9.18E-06
97.2502	6.85E-06
97.5002	8.23E-06
97.7502	6.08E-06
98.0002	7.51E-06
98.2502	4.71E-06
98.5002	6.62E-06
98.7502	6.26E-06
99.0002	1.19E-05
99.2502	8.94E-06
99.5002	6.38E-06
99.7502	8.05E-06
100	8.17E-06
100.25	8.05E-06
100.5	8.34E-06
100.75	9.36E-06
101	7.63E-06
101.25	5.78E-06
101.5	6.50E-06
101.75	4.71E-06
102	8.88E-06
102.249	8.05E-06
102.499	6.79E-06
102.748	7.93E-06
103	6.62E-06
103.25	9.12E-06
103.5	6.97E-06
103.75	1.03E-05
104	1.04E-05
104.25	6.68E-06
104.5	1.04E-05
104.75	9.12E-06
105	8.70E-06
105.25	9.18E-06
105.5	1.01E-05
105.75	1.01E-05
106	7.33E-06
106.25	1.04E-05
106.5	1.01E-05
106.75	8.46E-06
107	1.07E-05
107.25	1.25E-05
107.5	1.02E-05
107.75	9.36E-06
107.999	6.20E-06
108.25	8.29E-06
108.5	1.14E-05
108.75	1.45E-05
109	1.25E-05
109.25	1.21E-05
109.5	1.44E-05
109.75	1.59E-05
110	1.41E-05
110.25	1.78E-05
110.5	1.44E-05
110.75	1.80E-05
111	1.58E-05
111.25	1.25E-05
111.5	1.58E-05
111.75	1.73E-05
112	1.75E-05
112.25	1.81E-05
112.5	1.64E-05
112.75	1.95E-05
113	1.70E-05
113.25	1.74E-05
113.5	1.56E-05
113.75	1.86E-05
114	1.61E-05
114.25	1.74E-05
114.5	1.68E-05
114.75	2.06E-05
115	1.55E-05
115.25	1.93E-05
115.5	1.72E-05
115.75	2.02E-05
116	1.91E-05
116.25	2.03E-05
116.499	1.98E-05
116.75	2.04E-05
117	1.86E-05
117.25	1.57E-05
117.5	2.02E-05
117.75	2.06E-05
118	1.74E-05
118.25	1.99E-05
118.5	1.98E-05
118.75	1.94E-05
119	1.96E-05
119.25	2.02E-05
119.5	2.03E-05
119.75	2.11E-05
120	1.88E-05
120	1.94E-05
-63.9987	3.87E-05
-63.7487	3.42E-05
-63.4987	3.35E-05
-63.2487	3.16E-05
-62.9987	2.92E-05
-62.7487	3.36E-05
-62.4987	2.77E-05
-62.2499	2.86E-05
-61.9987	2.46E-05
-61.7487	2.46E-05
-61.4987	2.72E-05
-61.2487	2.60E-05
-60.9987	2.28E-05
-60.7487	2.57E-05
-60.4987	2.40E-05
-60.2487	2.57E-05
-59.9987	2.15E-05
-59.7487	2.14E-05
-59.4987	2.15E-05
-59.2487	2.43E-05
-58.9987	2.35E-05
-58.7487	1.63E-05
-58.4987	1.98E-05
-58.2487	2.28E-05
-57.9987	1.86E-05
-57.7487	1.72E-05
-57.4987	1.98E-05
-57.2487	1.81E-05
-56.9987	1.78E-05
-56.7487	2.17E-05
-56.4987	1.59E-05
-56.2487	1.70E-05
-55.9987	1.75E-05
-55.7487	1.66E-05
-55.4987	2.16E-05
-55.2487	1.73E-05
-54.9988	1.87E-05
-54.7487	1.73E-05
-54.4988	1.84E-05
-54.2488	2.04E-05
-53.9988	1.72E-05
-53.7488	1.71E-05
-53.4988	1.97E-05
-53.2488	1.85E-05
-52.9988	1.69E-05
-52.7488	1.78E-05
-52.4988	1.98E-05
-52.2488	1.92E-05
-51.9988	1.59E-05
-51.7488	2.03E-05
-51.4988	1.78E-05
-51.2488	1.94E-05
-50.9988	2.04E-05
-50.7488	1.98E-05
-50.4988	2.07E-05
-50.2488	1.91E-05
-49.9988	1.89E-05
-49.7488	1.91E-05
-49.4989	2.09E-05
-49.2488	2.15E-05
-48.9988	2.07E-05
-48.7492	2.06E-05
-48.4988	1.89E-05
-48.2488	1.99E-05
-47.9988	1.93E-05
-47.7488	2.12E-05
-47.4988	2.16E-05
-47.2488	1.69E-05
-46.9988	1.99E-05
-46.7488	2.12E-05
-46.4988	2.03E-05
-46.2488	2.30E-05
-45.9988	2.16E-05
-45.7488	1.72E-05
-45.4988	2.19E-05
-45.2488	2.08E-05
-44.9988	2.16E-05
-44.7488	2.40E-05
-44.4988	2.13E-05
-44.2488	2.15E-05
-43.9988	2.03E-05
-43.7488	2.12E-05
-43.4988	2.38E-05
-43.2488	1.91E-05
-42.9988	2.10E-05
-42.7489	2.19E-05
-42.4989	2.21E-05
-42.2489	2.06E-05
-41.9989	2.44E-05
-41.7489	2.13E-05
-41.4989	2.28E-05
-41.2489	2.33E-05
-40.9989	2.06E-05
-40.7489	2.07E-05
-40.4989	1.91E-05
-40.2489	2.12E-05
-39.9989	2.06E-05
-39.7489	2.28E-05
-39.4989	1.83E-05
-39.2489	1.96E-05
-38.9989	1.98E-05
-38.7489	2.13E-05
-38.4989	2.19E-05
-38.2489	2.27E-05
-37.9989	2.35E-05
-37.7489	2.48E-05
-37.4989	2.32E-05
-37.2489	2.52E-05
-36.9989	2.68E-05
-36.7489	2.22E-05
-36.4989	2.36E-05
-36.2489	2.47E-05
-35.9989	2.37E-05
-35.7489	2.19E-05
-35.4989	2.44E-05
-35.2489	2.57E-05
-34.9989	2.44E-05
-34.7489	2.34E-05
-34.4989	2.48E-05
-34.2489	2.48E-05
-33.9995	2.41E-05
-33.7489	2.38E-05
-33.4989	2.52E-05
-33.2489	2.52E-05
-32.9989	2.43E-05
-32.7489	2.57E-05
-32.4989	2.53E-05
-32.2489	2.38E-05
-31.9989	2.38E-05
-31.7489	2.41E-05
-31.4989	2.69E-05
-31.2489	2.58E-05
-30.9989	2.63E-05
-30.7489	2.44E-05
-30.4989	2.51E-05
-30.2489	2.41E-05
-29.9989	2.35E-05
-29.7489	2.70E-05
-29.499	2.35E-05
-29.2489	2.37E-05
-28.999	2.31E-05
-28.749	2.37E-05
-28.499	2.57E-05
-28.249	2.72E-05
-27.999	2.22E-05
-27.749	2.43E-05
-27.499	2.49E-05
-27.249	2.13E-05
-26.999	2.34E-05
-26.749	2.33E-05
-26.499	2.37E-05
-26.249	2.27E-05
-25.999	2.24E-05
-25.749	2.35E-05
-25.499	2.18E-05
-25.249	2.38E-05
-24.999	2.47E-05
-24.749	2.24E-05
-24.499	2.44E-05
-24.249	2.30E-05
-23.999	2.18E-05
-23.749	2.23E-05
-23.499	2.21E-05
-23.249	2.43E-05
-22.999	2.53E-05
-22.749	2.29E-05
-22.499	2.72E-05
-22.249	2.45E-05
-21.999	2.81E-05
-21.749	2.21E-05
-21.499	2.47E-05
-21.249	2.52E-05
-20.999	2.46E-05
-20.749	2.25E-05
-20.499	2.54E-05
-20.249	2.52E-05
-19.999	2.47E-05
-19.749	2.27E-05
-19.499	2.37E-05
-19.249	2.57E-05
-18.999	2.50E-05
-18.749	2.10E-05
-18.499	2.32E-05
-18.249	2.30E-05
-17.999	2.76E-05
-17.749	2.38E-05
-17.4991	2.44E-05
-17.249	2.20E-05
-16.9991	2.52E-05
-16.749	2.35E-05
-16.4991	2.01E-05
-16.2491	2.40E-05
-15.9991	2.43E-05
-15.7491	2.33E-05
-15.4991	2.09E-05
-15.2491	2.37E-05
-14.9991	2.60E-05
-14.7491	2.21E-05
-14.4991	2.46E-05
-14.2491	2.61E-05
-13.9991	2.60E-05
-13.7491	2.32E-05
-13.4991	2.71E-05
-13.2491	2.72E-05
-12.9991	2.20E-05
-12.7491	2.47E-05
-12.4991	2.68E-05
-12.2491	2.57E-05
-11.9991	2.53E-05
-11.7491	2.71E-05
-11.4991	2.42E-05
-11.2491	2.56E-05
-10.9991	2.63E-05
-10.7491	2.57E-05
-10.4991	2.35E-05
-10.2491	2.26E-05
-9.9991	2.57E-05
-9.74911	2.60E-05
-9.49911	2.62E-05
-9.24911	2.65E-05
-8.99911	2.96E-05
-8.74911	2.65E-05
-8.49912	2.96E-05
-8.24911	2.35E-05
-7.99912	2.12E-05
-7.74911	2.24E-05
-7.49912	2.37E-05
-7.24913	2.42E-05
-7.00008	2.49E-05
-6.74967	2.52E-05
-6.49913	2.62E-05
-6.24914	2.55E-05
-5.99913	2.55E-05
-5.74914	2.38E-05
-5.49914	2.26E-05
-5.24914	2.47E-05
-4.99915	2.30E-05
-4.74915	2.60E-05
-4.49915	2.48E-05
-4.24915	2.47E-05
-3.99915	2.31E-05
-3.74915	2.36E-05
-3.49915	2.40E-05
-3.24916	1.97E-05
-2.99916	2.49E-05
-2.74917	2.20E-05
-2.49916	2.38E-05
-2.24917	2.83E-05
-1.99916	2.61E-05
-1.74917	2.66E-05
-1.49917	2.53E-05
-1.24918	2.55E-05
-1	2.40E-05
-0.750786	2.78E-05
-0.499184	1.93E-05
-0.250504	2.35E-05
0.000816345	2.68E-05
0.250816	2.53E-05
0.500809	2.19E-05
0.750816	2.53E-05
1.00081	2.49E-05
1.2508	2.71E-05
1.50081	2.35E-05
1.7508	2.38E-05
2.0008	2.06E-05
2.2508	2.13E-05
2.5008	2.26E-05
2.75037	2.32E-05
3.0004	2.32E-05
3.25079	2.46E-05
3.50079	2.51E-05
3.75079	2.44E-05
4.00079	2.26E-05
4.25079	2.40E-05
4.50078	2.52E-05
4.75079	2.42E-05
5.00078	2.27E-05
5.25077	2.55E-05
5.50078	2.49E-05
5.75072	2.40E-05
6.00077	2.66E-05
6.25076	2.04E-05
6.50077	2.45E-05
6.75076	2.43E-05
7.00077	2.37E-05
7.25076	2.38E-05
7.50076	2.43E-05
7.75076	2.46E-05
8.00076	2.59E-05
8.25076	2.27E-05
8.50075	2.43E-05
8.75076	2.40E-05
9.00075	2.62E-05
9.25074	2.42E-05
9.50075	2.65E-05
9.75074	2.68E-05
10.0007	2.56E-05
10.2507	2.28E-05
10.5007	2.24E-05
10.7507	2.52E-05
11.0007	2.40E-05
11.2507	2.27E-05
11.5007	2.43E-05
11.7507	2.45E-05
12.0007	2.41E-05
12.2507	2.29E-05
12.5007	2.60E-05
12.7507	2.38E-05
13.0007	2.06E-05
13.2507	2.24E-05
13.4999	2.37E-05
13.7495	2.68E-05
14.0003	2.37E-05
14.2503	2.09E-05
14.5004	2.28E-05
14.7503	2.30E-05
15.0007	2.38E-05
15.2507	2.15E-05
15.5007	2.37E-05
15.7507	2.26E-05
16.0007	2.28E-05
16.2507	2.56E-05
16.5007	2.47E-05
16.7507	2.29E-05
17.0007	2.40E-05
17.2507	2.49E-05
17.5007	2.04E-05
17.7507	2.28E-05
18.0007	2.26E-05
18.2499	2.40E-05
18.4994	2.61E-05
18.7493	2.21E-05
18.9997	2.37E-05
19.2507	2.26E-05
19.5007	2.30E-05
19.7507	2.34E-05
20.0007	2.36E-05
20.2507	2.45E-05
20.5007	2.48E-05
20.7507	2.24E-05
21.0006	2.38E-05
21.2506	2.25E-05
21.5006	2.21E-05
21.7506	2.23E-05
22.0006	2.37E-05
22.2506	2.41E-05
22.5006	2.26E-05
22.7506	2.39E-05
23.0006	2.41E-05
23.2498	2.14E-05
23.4997	2.49E-05
23.7494	2.21E-05
23.9996	2.37E-05
24.2506	2.09E-05
24.4993	2.06E-05
24.7506	2.11E-05
25.0006	2.01E-05
25.2506	2.24E-05
25.5006	2.38E-05
25.7506	2.13E-05
26.0006	2.41E-05
26.2506	2.06E-05
26.5006	2.43E-05
26.7506	2.34E-05
27.0006	2.21E-05
27.2503	2.43E-05
27.5006	2.62E-05
27.7506	2.39E-05
28.0006	2.34E-05
28.2506	2.83E-05
28.5006	2.35E-05
28.7506	2.28E-05
29.0006	2.12E-05
29.2506	2.25E-05
29.5006	2.37E-05
29.7506	2.04E-05
30.0006	2.16E-05
30.2506	2.24E-05
30.5006	2.04E-05
30.7506	2.03E-05
31.0006	1.96E-05
31.2506	2.44E-05
31.5006	2.07E-05
31.7506	2.01E-05
32.0006	2.35E-05
32.2506	2.40E-05
32.5006	2.21E-05
32.7506	2.13E-05
33.0006	2.20E-05
33.2506	2.42E-05
33.5006	2.33E-05
33.7506	2.35E-05
34.0005	2.62E-05
34.2505	2.28E-05
34.5005	2.41E-05
34.7505	2.29E-05
35.0005	2.40E-05
35.2505	2.65E-05
35.5005	2.69E-05
35.7505	2.41E-05
36.0005	2.40E-05
36.2505	2.30E-05
36.5005	2.44E-05
36.7505	2.77E-05
37.0005	2.46E-05
37.2505	2.41E-05
37.5005	2.33E-05
37.7505	2.32E-05
38.0005	2.46E-05
38.2505	2.41E-05
38.5005	2.27E-05
38.7505	2.30E-05
39.0005	2.12E-05
39.2505	2.50E-05
39.5005	2.21E-05
39.7505	2.57E-05
40.0005	2.37E-05
40.2505	2.56E-05
40.5005	2.47E-05
40.7505	2.35E-05
41.0005	2.55E-05
41.2505	2.54E-05
41.5005	2.48E-05
41.7505	2.85E-05
42.0005	2.42E-05
42.2505	2.53E-05
42.5005	2.41E-05
42.7505	2.84E-05
43.0005	2.48E-05
43.2498	2.74E-05
43.4997	2.77E-05
43.7496	2.68E-05
44.0005	2.54E-05
44.2505	2.97E-05
44.5005	3.02E-05
44.7505	3.00E-05
45.0005	2.91E-05
45.2505	2.56E-05
45.5005	2.94E-05
45.7505	2.73E-05
46.0005	2.86E-05
46.2505	2.55E-05
46.5005	2.86E-05
46.7505	3.02E-05
47.0005	3.12E-05
47.2505	2.86E-05
47.5005	2.81E-05
47.7504	2.83E-05
48.0004	2.74E-05
48.2504	2.81E-05
48.5004	2.91E-05
48.7504	2.69E-05
49.0004	2.58E-05
49.2504	3.00E-05
49.5004	2.90E-05
49.7504	2.91E-05
50.0004	3.07E-05
50.2504	3.22E-05
50.5004	2.74E-05
50.7504	3.06E-05
51.0004	2.76E-05
51.2504	3.09E-05
51.5004	2.75E-05
51.7504	3.03E-05
52.0004	2.91E-05
52.2504	2.95E-05
52.5004	2.80E-05
52.7504	3.23E-05
53.0004	2.84E-05
53.2504	3.09E-05
53.5004	3.19E-05
53.7504	3.21E-05
54.0004	3.52E-05
54.2504	3.36E-05
54.5004	3.27E-05
54.7504	3.35E-05
55.0004	3.43E-05
55.2504	3.50E-05
55.5004	3.78E-05
55.7504	3.72E-05
56.0004	3.73E-05
56.2502	3.76E-05
56.4999	3.96E-05
56.7504	3.68E-05
57.0004	3.74E-05
57.2504	4.04E-05
57.5004	4.04E-05
57.7504	4.22E-05
58.0004	4.31E-05
58.2504	4.55E-05
58.5004	4.66E-05
58.7504	4.86E-05
59.0004	4.66E-05
59.2504	4.86E-05
59.5004	5.05E-05
59.7504	5.13E-05
60.0004	5.33E-05
60.2503	5.55E-05
60.5003	5.55E-05
60.7503	5.72E-05
61.0003	5.57E-05
61.2503	5.62E-05
61.5003	5.94E-05
61.7503	6.16E-05
62.0003	5.75E-05
62.2503	6.28E-05
62.5003	6.09E-05
62.7503	6.54E-05
63.0003	6.56E-05
63.2503	6.49E-05
63.5003	7.02E-05
63.7503	6.67E-05
64.0003	6.74E-05
64.2503	6.86E-05
64.5003	6.76E-05
64.7503	7.24E-05
65.0003	7.11E-05
65.2503	7.24E-05
65.5003	7.08E-05
65.7503	7.84E-05
66.0003	8.03E-05
66.2503	7.59E-05
66.5003	8.03E-05
66.7503	8.23E-05
67.0003	8.78E-05
67.2501	8.64E-05
67.5003	9.16E-05
67.7503	9.29E-05
68.0003	9.24E-05
68.2503	9.33E-05
68.5003	9.48E-05
68.7503	9.33E-05
69.0003	9.55E-05
69.2503	9.69E-05
69.5003	9.94E-05
69.7503	9.90E-05
70.0003	0.000100017
70.2503	0.00010556
70.5003	0.000104666
70.7503	0.000109554
71.0003	0.000113309
71.2503	0.000111819
71.5003	0.000118375
71.7503	0.000119269
72.0003	0.000115991
72.2503	0.000119269
72.5003	0.000119269
72.7503	0.000121773
73.0002	0.000121356
73.2502	0.000125469
73.5002	0.000129164
73.7502	0.000130177
74.0002	0.000127078
74.2502	0.000127316
74.5002	0.000131846
74.7502	0.000134409
75.0002	0.000131608
75.2502	0.000125946
75.5002	0.000137986
75.7502	0.000136376
76.0002	0.000139476
76.2502	0.000139118
76.5002	0.000138224
76.7502	0.000140847
77.0002	0.000140668
77.2502	0.000139178
77.5002	0.000143767
77.7502	0.000142337
78.0002	0.000135363
78.2502	0.000136913
78.5002	0.000133038
78.7502	0.000128389
79.0002	0.000131072
79.2502	0.00013578
79.5002	0.000135721
79.7502	0.000137747
80.0002	0.00013882
80.2502	0.000131846
80.5002	0.000137509
80.7502	0.000135244
80.9986	0.000130475
81.249	0.000125171
81.4987	0.000123502
81.7502	0.000122011
81.9988	0.000113249
82.2502	0.000113309
82.5002	0.000108839
82.7502	0.000105203
83.0002	8.90E-05
83.2502	6.60E-05
83.5002	3.28E-05
83.7502	1.36E-05
84.0002	8.23E-06
84.2502	9.78E-06
84.5002	6.02E-06
84.7502	6.38E-06
85.0002	1.16E-05
85.2502	8.88E-06
85.5002	1.13E-05
85.7502	1.26E-05
86.0001	1.26E-05
86.2501	8.64E-06
86.5001	1.12E-05
86.7487	1.31E-05
87.0001	1.25E-05
87.2501	8.64E-06
87.5001	1.32E-05
87.7501	1.02E-05
88.0001	1.39E-05
88.2501	1.08E-05
88.5001	1.19E-05
88.7501	1.13E-05
89.0001	1.10E-05
89.2501	1.20E-05
89.5001	1.31E-05
89.7501	1.07E-05
90.0001	1.11E-05
90.2501	1.08E-05
90.5001	9.42E-06
90.7501	1.06E-05
91.0001	1.17E-05
91.2501	7.57E-06
91.5001	1.01E-05
91.7501	4.71E-06
92.0001	6.74E-06
92.2501	5.78E-06
92.5001	7.45E-06
92.7501	8.88E-06
93.0001	8.94E-06
93.2501	8.88E-06
93.5001	1.00E-05
93.7501	8.64E-06
94.0001	1.25E-05
94.2501	1.34E-05
94.5001	1.45E-05
94.7501	1.65E-05
95.0001	1.62E-05
95.2501	2.18E-05
95.5001	2.04E-05
95.7501	2.25E-05
96.0001	2.31E-05
96.2498	2.65E-05
96.4998	2.71E-05
96.7501	2.56E-05
97.0001	2.50E-05
97.2501	3.19E-05
97.5001	3.37E-05
97.7501	2.66E-05
98.0001	1.96E-05
98.2501	8.94E-06
98.5001	1.13E-05
98.75	1.46E-05
99	1.76E-05
99.25	1.90E-05
99.5	1.81E-05
99.75	1.91E-05
100	1.85E-05
100.25	1.62E-05
100.5	1.93E-05
100.75	2.24E-05
101	2.14E-05
101.25	2.07E-05
101.5	2.12E-05
101.75	2.04E-05
102	2.53E-05
102.25	2.52E-05
102.5	2.49E-05
102.75	2.60E-05
103	2.34E-05
103.25	2.38E-05
103.5	2.60E-05
103.75	2.49E-05
104	2.43E-05
104.25	2.10E-05
104.5	2.35E-05
104.75	2.40E-05
105	2.46E-05
105	2.52E-05
